"","intercept_logit","age_logit","fnlwgt_logit","education_num_logit","capital_loss_logit","hours_per_week_logit","intercept_cc","age_cc","fnlwgt_cc","education_num_cc","capital_loss_cc","hours_per_week_cc","intercept_wcc","age_wcc","fnlwgt_wcc","education_num_wcc","capital_loss_wcc","hours_per_week_wcc","intercept_lcc","age_lcc","fnlwgt_lcc","education_num_lcc","capital_loss_lcc","hours_per_week_lcc"
"1",-8.6456200399813,0.0486805399839923,0.000000708618569522642,0.337976516438975,0.000605844040822701,0.0416837115339509,-9.04051603608447,0.0542004718233675,0.000000543561894137831,0.337773050499554,0.000607871751698496,0.0462583490250494,-8.52514144885581,0.0479224090451025,0.000000563609690034612,0.337850012633601,0.000592906732699013,0.0402171412822685,-8.57423329589441,0.0464977083578889,0.000000744236327422328,0.333943834331531,0.00062908936065954,0.0427097923398716
"2",-8.47931879949218,0.0467837159367407,0.000000691404953145395,0.333801994626498,0.00057480229517571,0.0408840103701048,-8.90963426092319,0.0528444857230509,0.00000048405624960524,0.335857956006692,0.000591852903047772,0.0454929535228178,-8.41370779560152,0.0466883071763444,0.000000540531482650271,0.335651401892262,0.000579462636521608,0.0396793640688996,-8.4994641121896,0.0466791882000308,0.00000074200232185464,0.336455200130201,0.000551601160809236,0.0404224555576361
"3",-8.45971912405929,0.0476244307799466,0.000000490299481760271,0.329813368805188,0.000564457261746599,0.0416184437752227,-9.01022439644274,0.0529203324873644,0.000000538748282109326,0.334992092497841,0.000593722529798405,0.0479802291064187,-8.55484384702829,0.0472307454638974,0.000000566342843232616,0.336712697803568,0.000589349229342732,0.0422680965666678,-8.3639827424456,0.0480271547904622,0.00000057581368763264,0.324426906489312,0.000526785169394576,0.039685305426555
"4",-8.56757734896801,0.0470851342724825,0.0000006336792175049,0.340867522771109,0.000567680614329585,0.0411266934485129,-9.12590803565667,0.0547166632236959,0.000000799297018142653,0.337699044976173,0.000567411604618918,0.0467309330039665,-8.62995203089752,0.0485700028922847,0.000000832058827151412,0.33700040772207,0.00055749440246136,0.0411180342717467,-8.53566741492117,0.0454289007378434,0.00000059926009304474,0.347636518341238,0.000586687048507766,0.0405151504304893
"5",-8.52175358312612,0.0474486578240846,0.000000565524427138873,0.33796760436365,0.000565843129589724,0.0408910927765019,-9.09149499019307,0.0526826940016732,0.000000577405500759589,0.340579061770177,0.000558365072296684,0.0486918100313836,-8.58856037757642,0.0466211250786979,0.000000563317522389284,0.3409040072722,0.000555864977961015,0.0427408035010298,-8.74282562557781,0.0506488104939699,0.000000582786481044874,0.348639506845214,0.000520184512982101,0.0397806964711266
"6",-8.43554182045087,0.0465422602024818,0.000000549829716588887,0.331112274137817,0.000590438006604436,0.041388196033423,-8.83897563459201,0.0514323989643477,0.000000559482887762634,0.331616892810246,0.00058123322571045,0.0458309125571243,-8.38129345438943,0.0455787799663488,0.000000608038505393184,0.332737584528127,0.000565723642123636,0.0403242178797986,-8.32885778782611,0.0460821296791748,0.000000564081401174022,0.326672575735431,0.000568984709748155,0.0402859779800619
"7",-8.51535653448776,0.0474140760308355,0.000000519703980984003,0.341611631087672,0.00056503402112731,0.039920551341802,-8.97544063142086,0.0539954038908124,0.000000364959988622438,0.340471737894417,0.000521565104051718,0.0454965470016291,-8.50917776515982,0.0479107367174084,0.000000428287232896609,0.34240446910452,0.000510768069779217,0.0396943200909142,-8.63590800866133,0.0472539633499771,0.00000093080868905899,0.344794988941217,0.000579707071202589,0.0405858393379085
"8",-8.69700055809819,0.0477805798363918,0.000000563388103608917,0.350784372344991,0.000570939223979318,0.0411688551229787,-9.20407032858079,0.0532910393852606,0.000000420708831984474,0.345215488235876,0.000601071229298694,0.0497125684409212,-8.77148944580657,0.0476682247274357,0.000000422630276281702,0.347958432569409,0.000594416787724212,0.0443079775332433,-8.64485375806986,0.0496533576115448,0.000000497292609668354,0.341790342412129,0.000531450598146844,0.0399711686499972
"9",-8.46364458372492,0.0471471971589296,0.000000498102821229472,0.33721628072538,0.000579010275190432,0.040060100987735,-8.79011258478634,0.0520610327055576,0.000000465963896895813,0.325233736268468,0.000601259476677565,0.045785392391458,-8.32426591420815,0.0460185021068742,0.000000499897579221334,0.328968146320022,0.000595475658963205,0.0396459167281353,-8.50820357079514,0.0485151777418192,0.000000669389957366532,0.332616595917671,0.000568003320827677,0.0400636793224675
"10",-8.52154813883755,0.0476063826202603,0.000000594206325053147,0.339216086910568,0.000563691248134366,0.0402077233992801,-9.00535383445315,0.0544874484672759,0.000000391506901334088,0.349138371616223,0.000534201435943739,0.0435348342473696,-8.54964900878511,0.0486964415479881,0.00000044371297142062,0.351081401599604,0.000531275983830612,0.0377470782754344,-8.68728341899089,0.0471010827498272,0.000000712815125537599,0.353016088046514,0.000568681759684905,0.0408758402543645
"11",-8.48577095538922,0.0474765339174486,0.000000698062632984714,0.334988315911754,0.000573830980049165,0.0400479039151434,-9.02331966951411,0.0536601200857299,0.000000728459170489453,0.336813228248806,0.000627168808411241,0.0460748741272754,-8.52150206266959,0.0474409846033334,0.00000073231458778204,0.34015532170426,0.000612981931733532,0.0395139866353225,-8.54147834639786,0.0473788862226709,0.000000665759102097792,0.335474294850685,0.000614738573602136,0.0411897361030183
"12",-8.63766350993855,0.0483765868946572,0.000000664951560806596,0.340455310214232,0.000590994915520049,0.0416036516505757,-9.10816414769427,0.0552412464525279,0.000000692955666267298,0.340515209859245,0.000626691481127908,0.0459209234992875,-8.56689569482777,0.0484799386597374,0.00000071530917065629,0.340652678392694,0.000630810068159492,0.0396286052816545,-8.48098873473472,0.0484797392735003,0.000000511129855451832,0.330711397749202,0.000612331940491897,0.0406437065261317
"13",-8.54186284066848,0.047230489327779,0.000000609849314001552,0.336156305990023,0.000553953700221781,0.0418679864068946,-9.07480268491551,0.0545252772424262,0.000000566129555949396,0.338536181335835,0.000539387267369449,0.0470536794580362,-8.56657866436949,0.0478493157935875,0.000000614298004544754,0.337596993508882,0.000545028816466881,0.0415947298677093,-8.77610704097756,0.0493453162342664,0.00000074928358713818,0.345726954713231,0.000569963603808881,0.0422609740975272
"14",-8.51461933905233,0.0461100032390992,0.000000600235936072513,0.342334352456905,0.000531770121231175,0.0407485819347954,-9.07767202014795,0.053560014997617,0.000000542487776624962,0.341929535511525,0.00053132430407486,0.0472548167227235,-8.6112968469087,0.0471988192442222,0.000000594823279393299,0.344067084335237,0.00052955178867395,0.0416933575221495,-8.6452482341766,0.0464763551690285,0.00000062107068854934,0.347355526239668,0.000511539143517519,0.0418131045376146
"15",-8.55195225447878,0.046970079389825,0.000000648640376655056,0.338939691183042,0.000558186640753253,0.0412319575656779,-9.18329188561207,0.0530982180823431,0.000000826471121668223,0.340553697974945,0.000538337976797172,0.0490442804487486,-8.70166655791371,0.0468500458515909,0.00000091250865903641,0.341341599440358,0.000546057691834308,0.0432142260595817,-8.67444583317659,0.0472313849091995,0.000000856978647530905,0.337638232250033,0.000595311794674845,0.0425568633892687
"16",-8.60781316426152,0.0467859729063342,0.000000614337168015378,0.345669005854914,0.000579318826449287,0.0411178045095522,-9.11995977814537,0.0534251533092112,0.000000690178977188695,0.341111862704156,0.000573472440127271,0.04739794813683,-8.69174252206735,0.0478257557413331,0.00000073784945749013,0.342954034329555,0.000570524625908274,0.0420926359206168,-8.59345341748405,0.0470835930146846,0.000000583367058376719,0.337403416026578,0.000554042863887952,0.0429432517461382
"17",-8.58252731240148,0.0471231573427458,0.000000611452884858497,0.338606471720044,0.000612078325889416,0.0420854429256266,-8.95338371196577,0.0532849391660652,0.000000410557111460208,0.331191267020558,0.000606718408831882,0.0473375883724984,-8.53195167443791,0.0476397023097189,0.000000450772664073894,0.334599661556682,0.000610601900931576,0.0418942739510663,-8.61800755238026,0.0475639856554161,0.000000885179645308072,0.331784282777205,0.000545007250553013,0.0426286796504639
"18",-8.55552055810711,0.0473526440375271,0.000000715011772841167,0.336894384030413,0.000549422367188312,0.0414192559504033,-9.0864468458875,0.0545419657568388,0.00000068387027319311,0.335817280747689,0.000586695129019807,0.0473458945639645,-8.67919361082524,0.0484975564131796,0.000000696523186438501,0.341625522141077,0.000580384641369311,0.0421114170544584,-8.54490047490671,0.0476362127348424,0.000000630557500267856,0.343318359716757,0.000531718737628104,0.0397053914453819
"19",-8.53543377998473,0.0467622131211181,0.000000717930946738543,0.337524802226956,0.000546329755830349,0.0413044597975833,-8.93607578528548,0.0512108478849123,0.000000619408712986194,0.338776190170461,0.000637539668485895,0.0465471920150796,-8.43664423765929,0.0450653009108551,0.000000635476264719253,0.338622573653696,0.000621345054384359,0.0408014189844239,-8.36979074812522,0.0461329162005445,0.00000086819548307809,0.324107566382307,0.000583286347903232,0.0406514878706629
"20",-8.53314980680284,0.0456636223894758,0.000000718379187697791,0.333378565006158,0.000577477392237106,0.0431190588716495,-8.92913012518322,0.0491562585821008,0.000000705637949143471,0.331053410936748,0.000536612269336123,0.0493905937839764,-8.46048459874283,0.0436986699975016,0.000000736277124426134,0.33144190097056,0.000546302836887438,0.0434668881266838,-8.57874987945262,0.0444580836648243,0.000000543363277549732,0.338223460239877,0.000571824966739281,0.0446504554550368
"21",-8.58778543328535,0.0465360312137573,0.000000663421284776525,0.343764853814384,0.000573043876501213,0.0413165340238643,-9.05564824098149,0.0539049228755278,0.000000431567580629312,0.349803988520786,0.000551912926612924,0.0446864873231835,-8.56093998653014,0.0476362031204829,0.000000439502298939222,0.350441666469946,0.000531954312524763,0.0390133362758894,-8.79934733930321,0.0475085143467733,0.000000589010378544446,0.357855500919536,0.000610691425009441,0.0416601623922716
"22",-8.54362983157154,0.0479627901177083,0.000000459673769979642,0.337190916618178,0.000584997597403135,0.0414482378091871,-9.02557224386879,0.0530490683656471,0.000000406645080706841,0.331943887195443,0.000578671332324866,0.0493008777567901,-8.54876355238772,0.0476149165127904,0.000000439558689060001,0.333269520151105,0.000586022131732303,0.0428794890332902,-8.65805997412864,0.0460419405830496,0.000000689811720090793,0.339830474422234,0.000603474021113258,0.044331052202333
"23",-8.59369648727166,0.0475191037998304,0.000000587389935164504,0.345462865245273,0.000566934631223609,0.0402962801826952,-9.17057468288761,0.054721015739288,0.000000552769845712065,0.345246796861549,0.000637489859110924,0.0470310761005164,-8.70119493188373,0.0488441407988978,0.000000597851630294576,0.346551223797365,0.000627586783130341,0.041214278891678,-8.49713781477196,0.0461191309537692,0.000000320988360111363,0.335071776226203,0.000526543899664292,0.0431529490779336
"24",-8.60587871015214,0.0477167636591302,0.000000693033254607424,0.343084641484583,0.000584103098019234,0.0405726028519238,-9.26253869300329,0.0547991684972916,0.000000871330122225198,0.345973254615755,0.000632618954591458,0.0477086221649859,-8.78867236573454,0.0486975409845007,0.000000927831883099921,0.348681180673265,0.000630260919222826,0.0415891728513316,-8.61071037747043,0.0458123431057637,0.00000053462630728877,0.347378374489819,0.000593980663991723,0.0419954440000743
"25",-8.55902838431945,0.0460918533148127,0.000000597470876911491,0.340991354128631,0.000544599541607446,0.0421673382685969,-8.93246405049952,0.0508964239522579,0.000000405224758015644,0.334327681729771,0.000557326780508398,0.0487326681323265,-8.47794529025714,0.0452108015079856,0.000000465351396790935,0.336258509333232,0.00055551460215185,0.0428314360974511,-8.53865131209106,0.0449231655242615,0.000000483461723920877,0.339712150805061,0.000509528406499881,0.0430760447795316
"26",-8.49280045167951,0.0470808496245784,0.000000584882504835164,0.340760909729586,0.000556961400959312,0.0397514873664907,-9.06167854496003,0.052917256777359,0.00000058102067930729,0.343761560555195,0.000584416788171441,0.0467374167756589,-8.59990465889091,0.0469717661427948,0.000000617787677697762,0.343739319167306,0.000571803131185416,0.0415349945178433,-8.46473162392068,0.0486703243009343,0.000000633576555684643,0.338177834254007,0.000560530746076826,0.0377418393806811
"27",-8.62175974433305,0.047545672895138,0.000000633890413089177,0.340204018146232,0.000577779119457871,0.042124084539233,-9.01027320458978,0.053487270749893,0.000000541203574349571,0.329320745793855,0.000590690772375281,0.0486127047436633,-8.52688917974127,0.0473848858778763,0.000000540706371230866,0.330550515157308,0.000590008542431861,0.0428643294467197,-8.61747693018413,0.0473284274749799,0.000000525395890611865,0.340047523657089,0.000550500683677126,0.0428356997719882
"28",-8.68569201229296,0.0476362905615946,0.000000537959252946873,0.346214135143378,0.000558308964806953,0.042348620603455,-9.19837391177218,0.0525191072191547,0.000000388671920025748,0.360134422973404,0.000548413730321395,0.0470950127755089,-8.66233613952179,0.0458999498127938,0.000000415835414786739,0.360763459414336,0.000536583898049407,0.0407189417778431,-8.70513904983518,0.0476257432382967,0.000000608198236116003,0.347692765456881,0.000554785559594807,0.0421696393041347
"29",-8.53853982739466,0.0457785438585253,0.000000580648999009718,0.342059077278592,0.000558469441796441,0.0415977480056443,-9.05224837346065,0.0511417305033059,0.000000633698460479192,0.339366061871738,0.000597292548789299,0.0488473641991282,-8.58412923621247,0.0453191160748845,0.000000658017532264261,0.342511127498796,0.000607337611097378,0.04259005912918,-8.4150435575009,0.0434430913152401,0.000000474816189596299,0.345238154327069,0.000476556137167916,0.0404868923268672
"30",-8.57648081822031,0.0460237801288183,0.000000562057438811232,0.343135112486476,0.000569087075247126,0.0420726847233435,-9.13074775720349,0.0528699470507612,0.000000621093257012158,0.348383718356211,0.000592735478831551,0.0469731355043047,-8.69632703016389,0.0469994801314005,0.000000695270305771499,0.350062215873484,0.00057399655486697,0.0417482574520305,-8.58789882950467,0.0465690164732852,0.000000325840897811777,0.355460525910321,0.000593379095220017,0.0396611000079522
"31",-8.51710002844802,0.0473474253564498,0.000000698427576540733,0.33446640631064,0.000550322064464908,0.0411923090801216,-9.04660898595587,0.0529994754013548,0.000000821076839738164,0.332549671463357,0.000611561568405276,0.0479895925207139,-8.59653252795987,0.0476673785015888,0.00000089306873619092,0.335554284513825,0.000617391281840829,0.0415027045333288,-8.71676945259049,0.0482728529770868,0.000000865103538158069,0.344840340815078,0.000541127242357103,0.0411817054088204
"32",-8.52374836463462,0.0467148522421313,0.000000600870039048804,0.345086611272759,0.000574780807101405,0.0395154712994618,-8.93450430751062,0.0524452053742581,0.000000623061035487969,0.336980014135675,0.000590493846736471,0.0454210499815577,-8.47626669550555,0.0468792768584652,0.000000666848854364606,0.337156172744038,0.000580023215734631,0.0398403285006481,-8.55734680245098,0.0465144598181484,0.000000540071317777048,0.348640356246394,0.00056731432791813,0.0394697474142229
"33",-8.67133441477254,0.0475469371448779,0.000000503307706406187,0.345411267714549,0.000589825457096796,0.0423624934620982,-9.01730991522738,0.0538295181180889,0.000000313731255074494,0.339154492060742,0.000596830829159105,0.0465400570248248,-8.50438717071712,0.0478566612894287,0.000000365376813294816,0.33930972830719,0.000578313778871134,0.0400892284654529,-8.67236873739023,0.0482884142978631,0.000000545067275681981,0.34029217895853,0.000542773056645912,0.0427134780269705
"34",-8.67358472211528,0.0472399327728847,0.000000706593698705488,0.345813619534227,0.000590904898296424,0.041795688132372,-9.0657749377001,0.0514351285759834,0.000000632332436605224,0.343154168935237,0.00060786150814117,0.0478322746262803,-8.5467995748481,0.0453011114940554,0.000000662527733287977,0.343562990171621,0.000608425791880501,0.0413669056083285,-8.65653575730596,0.0470713482831114,0.000000823076960999446,0.347446490702919,0.000590214771856032,0.0407389365515458
"35",-8.37638801420177,0.0458975705615351,0.000000500984197518889,0.336308613628129,0.000554653827905796,0.0395241636487735,-8.94358737888835,0.052365665732834,0.000000438536172600444,0.332869638332803,0.000600461590010032,0.0476463160363466,-8.52203648541331,0.0469649853092965,0.000000562045331401841,0.332766798180093,0.000614809779725114,0.0424037211447812,-8.28585506209455,0.0458238317447911,0.000000405790264864262,0.333237924959416,0.000563155351101759,0.0380101755591055
"36",-8.62305125884724,0.0474719826633775,0.000000636907600619907,0.337355178859063,0.000546098935958601,0.0430202968746074,-9.0502132003953,0.0521488300032198,0.000000651234624196991,0.329777233701218,0.000559509798998884,0.0502647994977425,-8.60427140043565,0.04635199726917,0.000000638831957664045,0.331429525086894,0.000559740489088697,0.0450400731191,-8.74515696575205,0.046700097143846,0.000000682198952996781,0.34178564440411,0.000542813051606778,0.0448770620509938
"37",-8.46049179034171,0.0462426811480766,0.00000066558340893667,0.336044444851791,0.000566611086422746,0.0405660666877313,-8.832213104762,0.0505640359454119,0.000000534563025860661,0.332457211807018,0.000628704886805848,0.0463446823010471,-8.37111925467136,0.0447532195781056,0.000000584877410024039,0.334066941740978,0.000622865039005586,0.0405478787633647,-8.40495555375308,0.0455863751487634,0.000000726010320192362,0.332005573877573,0.000565000000993126,0.0407671793636876
"38",-8.50653137922289,0.0466006627602428,0.000000553884775418415,0.341807452800204,0.000559551201845884,0.0404728513924811,-9.11768824818261,0.0545449294480481,0.000000585814299949838,0.342898858148036,0.000623482727963192,0.0467434839278254,-8.67242268514325,0.0488639316626627,0.000000666641993253969,0.344548424490384,0.000628701930329017,0.0409903641758103,-8.47769176460265,0.0473725736479184,0.000000516781212629644,0.339656541412312,0.000569755307796757,0.0398316739007324
"39",-8.58621753947303,0.0469503093608913,0.000000657834354968192,0.340043488199809,0.000572615858581394,0.0417806392606313,-9.19246309359586,0.0536986967177246,0.000000576397283502487,0.339467452050676,0.000603498097593373,0.0499164827865869,-8.72315359583084,0.0481092789508035,0.000000627799641983777,0.340554326920382,0.00059701710737834,0.0438697084088162,-8.58714101474627,0.0471715486830631,0.000000566382212385902,0.342972358384734,0.000592570603470058,0.0412468369409372
"40",-8.54423128056189,0.0473984601494823,0.000000600660468829474,0.336694628709645,0.000568010291278792,0.0415083013678268,-8.9401763832405,0.0543426855353508,0.000000482413648029298,0.326141366926082,0.000612182638107032,0.0468749532566144,-8.47937538392566,0.0486744975827971,0.000000536735524418666,0.327598442265438,0.000618566711816612,0.0409475160558091,-8.50096868545005,0.0463779106660768,0.000000456550236414706,0.340835081436477,0.000580012142582767,0.0407825192723556
"41",-8.44553320330573,0.047017134822493,0.000000566137479833305,0.332368071019314,0.000532716061887571,0.0409477082383905,-8.95557880856089,0.0530380973255556,0.00000044242630197979,0.334698740813107,0.000565588254621352,0.047083155749119,-8.48775033167045,0.0469115520698582,0.00000054546916678747,0.33681913751951,0.000553994283308921,0.0410723306410347,-8.42668314472297,0.0451998443231078,0.000000521950535147997,0.336605373402051,0.000506955529185355,0.0412492565463384
"42",-8.50075677879847,0.0465819094602244,0.000000564559966756706,0.337941553709355,0.000594263928874796,0.0412718715238392,-9.06923363202877,0.0544294030183339,0.000000743466332717935,0.339643220582198,0.000643707939244061,0.0456051682283316,-8.67495973113081,0.0491977772722769,0.000000842875340482705,0.341800182269348,0.000650875325949348,0.0404073530757962,-8.42831424812978,0.0470614800992791,0.000000579219529916817,0.33179258177561,0.00057624990010066,0.0404860657427602
"43",-8.63984649358664,0.0472092931451506,0.000000568422647400965,0.345092897793958,0.0005873039775311,0.0418356927979567,-8.98695765843584,0.053023537389124,0.000000394524343956358,0.337691209428258,0.000591035022677703,0.0467033129885614,-8.56911308718511,0.0469750252908126,0.000000509529300235388,0.33896849226121,0.000583345348498781,0.0419185162474973,-8.75286925489902,0.0450860038337432,0.000000901002428239808,0.352233000342322,0.000539715232177562,0.04294922211418
"44",-8.60886016902095,0.0470644154052366,0.000000745732998263931,0.34097446946554,0.000558809015946483,0.0415877573617295,-9.00005006076252,0.0507149526628422,0.000000486406674935494,0.34098268672717,0.00055483041788075,0.0482315015994194,-8.52487428530766,0.0447902666225942,0.000000514119156088029,0.341921345164302,0.000551622794491685,0.0425116914900718,-8.71246288626609,0.0500596695051364,0.000000788501511305551,0.333879039773696,0.000559543569810797,0.0420802629313882
"45",-8.60120770233743,0.0472115692857915,0.00000053079492932054,0.34047398497543,0.000573379682988722,0.0422146030752726,-9.15094006259756,0.0545794557583325,0.000000714653379564888,0.337106690715994,0.00062739097220101,0.0480195772890449,-8.64984007933002,0.0480821063965466,0.000000756886288436945,0.339084977972643,0.000621983804645725,0.0418862158664145,-8.82374416033982,0.0489883214482198,0.000000737419124860695,0.344855428756741,0.000544060656749695,0.0438176007380213
"46",-8.58758317437562,0.0479069029180719,0.000000527678853038529,0.340589269764234,0.000551549442650726,0.0414852755855473,-9.12136992754062,0.0553283355280503,0.000000537776193671752,0.333357471084235,0.000562128345681427,0.0487427419420767,-8.64402060743598,0.0493141346724709,0.000000632479792273454,0.335105907135357,0.000562985754825677,0.0424843041343584,-8.47460191507678,0.0466149431016903,0.000000468137826466254,0.336783656587132,0.000583994253989803,0.0410021423452292
"47",-8.54412884161795,0.0466290919088438,0.000000784861246363941,0.336676879907854,0.000565385495138916,0.041223440296207,-9.10707932287339,0.0536823068575693,0.000000811388934340085,0.334701818029936,0.000562066808115427,0.0479063569546051,-8.62132519991542,0.0477544553056665,0.000000865655956420832,0.336814166610543,0.000558535067165275,0.0414872205234496,-8.62277810323629,0.0466201234711533,0.000000873834163952587,0.338199257104429,0.000576985946176775,0.0417312979319359
"48",-8.68062628717484,0.0475727804115555,0.000000679539823541527,0.347480641892128,0.000548241957481276,0.0416815923564183,-9.14108267661581,0.0538825873744001,0.000000614991838981674,0.343170670220875,0.000517172379126489,0.0477543280664077,-8.67441395978613,0.0485023014445091,0.000000621017576332532,0.341162327333642,0.000490020166646548,0.0425476146221227,-8.84491169984393,0.0483028394619154,0.00000075059833066174,0.345312969473922,0.000569850240859139,0.045138195002387
"49",-8.61970411194069,0.0464699298666875,0.00000063071448992468,0.346821390524103,0.000552240103326225,0.0414966400049715,-8.98982233273529,0.0523529491314812,0.000000606778505414246,0.340062645682213,0.000571554682628154,0.046196943275846,-8.49421024375096,0.0459884582283117,0.000000648550130348648,0.340232027166728,0.000569331052660998,0.0404733016787424,-8.74139841651256,0.0455624324977126,0.000000729372258535684,0.345674997602312,0.000549238062004538,0.04488498622758
"50",-8.66425026772074,0.0472273604183335,0.000000608070150308967,0.348389627976378,0.000563593546747834,0.0415791947930985,-9.13541477935407,0.0521527278583713,0.000000579329120217226,0.3447104311475,0.000540064626584583,0.0489318680865402,-8.66939554121487,0.0460041100836204,0.000000611061363873925,0.347119382388335,0.000519550713106978,0.043242749406637,-8.83748212911759,0.0484287408226017,0.000000419213695390612,0.360170466543536,0.000538802054634279,0.0418092350781853
"51",-8.56195143713196,0.0461346379743344,0.00000054621338550005,0.341669162476175,0.000599726104474684,0.0418922507889144,-8.8578504653673,0.0517335761264871,0.00000020360910996273,0.326716599852635,0.000608429647141534,0.0484758453850268,-8.3867442682581,0.0456679953409154,0.000000276857602043115,0.327323832903278,0.00060346610572454,0.0428297302773536,-8.53671830529665,0.0463318150064814,0.00000041314433550791,0.343698192408626,0.000604572177995369,0.0410749056903251
"52",-8.57424043050331,0.0469482685448556,0.00000046965671873613,0.3450309790154,0.000554218180553197,0.0410489381314425,-9.14189025247543,0.0522759594656039,0.000000627830832531072,0.350221991899781,0.000548319509993691,0.0470968779517671,-8.7029464739896,0.0463456209012634,0.000000724603926776834,0.35370008643568,0.000540450289936716,0.0412610036507638,-8.61835856620123,0.0462525689452163,0.000000593313934711658,0.341187970441786,0.000560004977480308,0.0427135837389445
"53",-8.37488348206485,0.0469181707199232,0.00000060675062881369,0.330286151986464,0.000552597316317017,0.0397947150363765,-8.84804049247936,0.0525901958627799,0.000000541740034914319,0.331381675900249,0.000582961937415239,0.0454860302902756,-8.28631872354958,0.0463020460127659,0.000000525130967541587,0.329334094564793,0.00057854419555812,0.0389994222719201,-8.53183279861645,0.0473637829175318,0.000000941535770604576,0.330684088145266,0.000566461484867191,0.0410560188232086
"54",-8.51880906190193,0.046175296254929,0.000000674746945237814,0.341473973315399,0.000577178653661393,0.0403980471765791,-8.97503823033697,0.0521273499323241,0.000000513722771860754,0.332180737514594,0.000558831555688183,0.0481960235253934,-8.5406114379861,0.0465301342223672,0.000000543013243279799,0.335696885025841,0.000543169217118666,0.0424447734677654,-8.61903731786103,0.0483200248904275,0.000000643407227178179,0.343455973281691,0.000564803994168714,0.0400600809796061
"55",-8.58004185410886,0.0470245676417892,0.000000587881495508663,0.344671880940233,0.000566965010227178,0.0408879992860291,-8.98078911453828,0.0532033257605554,0.00000055008302686181,0.343336734727693,0.000588173775416708,0.0447715350844262,-8.46424199465763,0.0466060614607158,0.000000553600522715273,0.344094288712691,0.000574015845594258,0.0388766809932198,-8.67390316820275,0.0482275487431398,0.000000618356856392059,0.347793566122862,0.000637607825402142,0.0409000004976392
"56",-8.51894754945465,0.0462767665708733,0.000000649270548317733,0.339067609995394,0.000599460832394552,0.0411380967608569,-8.97175531881935,0.0530627154698101,0.000000634979227215095,0.332799350015744,0.000634096396556685,0.04679527619448,-8.48651889073125,0.046744799506717,0.00000071353080630283,0.33099800984165,0.00063531115546203,0.0416161204779387,-8.72105104429711,0.0477692594287987,0.000000548042486408578,0.34443831265454,0.00059819116809645,0.0431430501617345
"57",-8.4722986149466,0.0463532499517776,0.000000718274833847682,0.335914095389096,0.000541170166138585,0.0404756502767623,-9.0243444053518,0.0531941653083975,0.000000649706399438454,0.334873256782277,0.00061281557387224,0.0470649038803883,-8.56424206410045,0.0470151197107133,0.000000688550673996502,0.336793764788024,0.000623567503956931,0.041589502419661,-8.35559437393259,0.0454205607965886,0.000000583617159153943,0.338934084401907,0.000551653754948938,0.0382550349679137
"58",-8.5659591140516,0.0475971613941696,0.00000073525990433346,0.340318495436528,0.000565674838328398,0.0402779270180908,-9.1311089972894,0.0548309475078092,0.000000824212937199806,0.346247488957968,0.000592487834843182,0.044809579665681,-8.66675739390827,0.0489023315674132,0.000000841165342719393,0.347847300830676,0.000594410881704218,0.039170928602463,-8.60647522707298,0.0468519165299702,0.000000746550165852379,0.343093990635454,0.000613481920884849,0.04042895706716
"59",-8.50275833863057,0.0469188729710315,0.000000506836571052803,0.338307337985843,0.000571212282920349,0.041054060999602,-9.00153112628239,0.0531288066484645,0.000000529832383991077,0.340564110174374,0.000585657344782592,0.0461057486204355,-8.57285703891803,0.0468399426482992,0.0000006006479990907,0.345083681252133,0.000591592643650427,0.0406708305923213,-8.72379879532252,0.0483070822942243,0.000000606185817411196,0.34228104611255,0.000571023303385442,0.0435061959016908
"60",-8.57469834836436,0.0469408335838286,0.00000068244833096123,0.342404197444362,0.000605093930400593,0.0407517584860566,-9.02621308781475,0.0549587770383273,0.000000475910914549494,0.337669920283326,0.000602553784024731,0.0456867634059188,-8.54278257217674,0.0487829185164706,0.000000507305463503987,0.339639887131509,0.000616828913317054,0.0396432482593448,-8.41774890481237,0.0448615341677327,0.000000372289847889001,0.34611533300884,0.000565050474586362,0.0391319508909819
"61",-8.5825146320384,0.0465500432020169,0.000000719087395942713,0.343093362820957,0.000591717556658693,0.0409975348016022,-8.93623172772204,0.049060620746669,0.000000874470996535037,0.348290409010796,0.000554767259008996,0.0446497929411545,-8.52855800902614,0.0436603149756875,0.000000937435403951949,0.351184229400818,0.000548150628643492,0.0393505659513355,-8.72743330336494,0.0490430274452217,0.000000566600694541905,0.345564070372464,0.00064284373579234,0.041546163462611
"62",-8.5017943925016,0.0465148510618057,0.000000571561425795781,0.337687577408065,0.000547209988209332,0.0413517781563883,-8.95704298477963,0.0513264854241389,0.000000438991386781648,0.338096223822469,0.000568540627940298,0.0479016303961834,-8.49790873951059,0.0457675803568255,0.00000048467807645645,0.338750833908132,0.000559012897270565,0.042178135975783,-8.50773692419814,0.0469100507212105,0.000000591431321102222,0.332544016676472,0.000537318206622237,0.0413864508281654
"63",-8.53746080058943,0.0462840781736804,0.000000619670768405182,0.34120375304657,0.000600462063935691,0.0409718526714979,-9.05160626933357,0.0527387466707484,0.000000569986953391785,0.347231267142742,0.00060512006226091,0.0455266259042152,-8.59097702003852,0.0469889474525985,0.000000580288656128578,0.34829380773586,0.000593568998823137,0.0400068461824682,-8.46340891838936,0.0451629981094074,0.00000039071685379929,0.341807776444836,0.000594831206656606,0.0407468691301502
"64",-8.48764410481854,0.0467942314125224,0.000000587379223019819,0.338777914753701,0.000545221525578599,0.0404963162279776,-9.03425335995397,0.0536432779411988,0.000000537445020985335,0.332952309504064,0.000556398471229538,0.0484498785685406,-8.6137065438092,0.0482832956555042,0.00000056533630949038,0.334660567077737,0.000554193830461124,0.0431953730016696,-8.45906575653299,0.0478531759400898,0.000000449975789098307,0.331832307589139,0.000614374911478093,0.0402654590325835
"65",-8.42188763098124,0.0456539943119021,0.000000509823114240888,0.335533714028063,0.00059891625641006,0.0409792146469912,-8.89716462903408,0.0511847803738105,0.000000502311348186934,0.3319408007284,0.00060456343064973,0.0477926328657564,-8.34376386485212,0.0445960387958162,0.000000561589489509845,0.328470487241169,0.000587607794861071,0.0418379368768125,-8.58285343190351,0.0469189626932103,0.000000547977384249323,0.347238832541274,0.000600788806831239,0.0400279822058884
"66",-8.48936518670074,0.0466751364860091,0.000000610655050103801,0.342329492846914,0.000553244499210944,0.0396144172980087,-9.07833717837807,0.0538513238644516,0.000000715426885061399,0.344514530182682,0.000614307606279264,0.0453436115339301,-8.63959621392114,0.0481106704985137,0.00000079332921800208,0.346961664695807,0.000605676993923695,0.0396643666020871,-8.43118981373424,0.0461461606848141,0.000000658145687927727,0.344695176569938,0.000589852853537692,0.0382152935971806
"67",-8.50188292520887,0.0470465688263043,0.000000633679126269449,0.332031335247481,0.000556464650780076,0.0421108729257627,-9.06044552601387,0.0544135077799225,0.000000526372646363254,0.325617345519124,0.000510708810245042,0.0502295614289614,-8.60964621471621,0.0481840831978403,0.000000554890121688745,0.328789544682358,0.000503927225096524,0.044750145995213,-8.48819338926562,0.0459296636879968,0.000000689139930858917,0.335207031704687,0.000575921967757428,0.041562480780845
"68",-8.44577028659056,0.047272745142316,0.000000514136336827706,0.333578178602349,0.000600116514070954,0.04035262119031,-8.99513447940824,0.0529731329895315,0.000000395651627285362,0.339998451519943,0.000673943366441727,0.0467111796457891,-8.53857290742131,0.0470290495960747,0.000000468679027459425,0.341188854871684,0.00067835012080178,0.0411083355879603,-8.56644250866739,0.0498535852530002,0.000000495039175904852,0.33084581064659,0.000601415707022993,0.0411563977905109
"69",-8.66709191313517,0.0477642195368379,0.000000644793216621808,0.346427908421354,0.000600258159700206,0.0411492391602474,-8.92705970421063,0.0538180949027388,0.000000446425864205105,0.333553983991748,0.000624653745087724,0.0453735280669156,-8.44442347065422,0.0476977829149609,0.000000475559042933767,0.334387993861744,0.000615166012512898,0.0396459251884823,-8.64097543892997,0.0496761839679952,0.000000540125363444159,0.34234042708823,0.000593047449496068,0.0400520309220776
"70",-8.50178860668407,0.046347910773573,0.000000593266571006362,0.335223986740132,0.000516281861951622,0.0420355521191628,-9.00766709388425,0.0535070104498081,0.000000414909016467808,0.340167897386352,0.000509698462960993,0.0465472118026273,-8.59216405912426,0.0477627478151175,0.000000484288852834144,0.344424298474572,0.000499049033658353,0.0410413384894812,-8.61233813026145,0.0453641919117169,0.000000738412240952119,0.345410641047948,0.000526771922370327,0.0419080432169061
"71",-8.55825890478591,0.0470698527113015,0.000000452161654910833,0.341445961488839,0.000588864188896889,0.0415004975223723,-9.06872058859831,0.0525118108803005,0.000000644372874661935,0.344004975790942,0.000640805657221535,0.046664310399568,-8.62372235671269,0.0462440697743867,0.000000691897766428315,0.348516277335839,0.000624070883062606,0.0409703888653231,-8.82830306503473,0.0481189540339423,0.00000041677557533954,0.358111905285157,0.000572713053474064,0.0421591527897539
"72",-8.53928841316695,0.0468266670067004,0.000000597520764812455,0.33726535619166,0.00057848875833601,0.0419291101751581,-8.99107249530132,0.0517353890051266,0.000000459817820755513,0.337138506366737,0.000585523236103427,0.0484066780120175,-8.52951909499957,0.0458159229737972,0.000000514929885567944,0.341139886138126,0.000587924919836636,0.042074810390633,-8.38594675391578,0.0437535860571381,0.000000645417874134779,0.336629850760552,0.000591319953128853,0.0409666790771729
"73",-8.59834960636591,0.0478567201213776,0.000000540293652998944,0.34436769732076,0.000568756641583756,0.0406537758240779,-8.92814933244926,0.0544709010185847,0.000000394916273935199,0.332146606460007,0.000599918664501073,0.0453682986479189,-8.48648720119126,0.048684644006823,0.00000046376450826757,0.333787269012186,0.00059746165334366,0.0398964518703412,-8.78198905007982,0.0485497382889553,0.000000704866668928115,0.353063935578972,0.000589358067689671,0.0413675841014281
"74",-8.65562909539997,0.0467064685264224,0.000000717855006881543,0.349693734120682,0.000558074178926419,0.0408994992162238,-9.12266394490442,0.0526524721757665,0.000000678263179542271,0.346572141359032,0.000598633193735213,0.0469755455001876,-8.6556241366701,0.0464268252031839,0.000000750737255127285,0.348864927009089,0.000596179330509856,0.041161472585847,-8.89006592059564,0.0495305373108827,0.000000675438754280041,0.357143840865227,0.000561625884570399,0.0417520162073921
"75",-8.6391335980303,0.0478677850135629,0.000000667032638883139,0.34150998485427,0.00054046668910748,0.0416855617559471,-9.10292198982741,0.053060323657414,0.000000647136222116236,0.343028358648115,0.000565324314532642,0.0469897954181276,-8.65846671991431,0.0474265814350631,0.000000656070938147779,0.346678368546613,0.00055440843086241,0.0411170923383551,-8.61335963952544,0.0476927070583874,0.000000767864425399893,0.329825861155693,0.000490350812638884,0.0437567643981825
"76",-8.31173520691254,0.0468099960775991,0.000000618111772336707,0.327234580458963,0.000558887087516277,0.0389332609690632,-8.88361105978393,0.0534989847936893,0.000000728457875616967,0.331036351119537,0.000579028025995387,0.0445769899157214,-8.40850035046402,0.0472177437200733,0.000000733559061984398,0.334160023601426,0.000568898703205679,0.0387251037847687,-8.42939552738461,0.0501994392643426,0.000000889044425206235,0.317839049956289,0.000560225921185016,0.0389950443398437
"77",-8.47175057019878,0.0466657002570951,0.000000506813609717918,0.339451849581111,0.000579423797796517,0.0402239311957788,-8.97333524109806,0.0534076768375707,0.000000292165372704579,0.338442152363496,0.000551694554198656,0.0467653977546716,-8.53863461480759,0.047836053263092,0.000000322541461338098,0.339631215610024,0.000548077540360512,0.0415350604437232,-8.60479237912196,0.0464736519310993,0.000000536016897810753,0.349001446448433,0.000555861295981488,0.0406503197453523
"78",-8.55847182266046,0.0466885390561572,0.00000069526227869808,0.338277300364794,0.000575638038608244,0.0415602805615785,-9.28709335412998,0.0556818889173828,0.000000741015238735345,0.338736434100467,0.000562572078940751,0.0499898037164875,-8.78990146985302,0.0496718083263277,0.000000753546338320802,0.338727458672288,0.000546558613137766,0.0441008266792648,-8.63683794955789,0.0480688275116304,0.000000599813484348966,0.335506951097672,0.000565841263184917,0.042890876505833
"79",-8.53681044451999,0.0464894456723068,0.000000429552143469164,0.33917898468134,0.000572536231132933,0.0422757727404575,-9.09963570217014,0.0528409190820676,0.000000564575798895923,0.338823023129689,0.000527798363882635,0.0491071834474492,-8.61482207656757,0.0469377380188566,0.000000582563544737362,0.339717501512936,0.000526962660436397,0.0431449358877452,-8.53025258517972,0.0476346340914089,0.000000274782716959093,0.332867115154947,0.000593431395047066,0.0435382861312167
"80",-8.6537971306485,0.0464565911298857,0.000000605801890976371,0.350794002152363,0.000530756772489836,0.041423587081162,-9.36698567712123,0.0536766562426564,0.00000063875987744052,0.355207264249988,0.000526106022754327,0.0499113698928844,-8.87307645473479,0.0471773046414729,0.000000693420542018116,0.356939329055546,0.000513589966378908,0.0439707832025777,-8.62908660748638,0.045128403443287,0.0000007335328011651,0.356678037200887,0.000511904215419539,0.0401730774749709
"81",-8.51440149500704,0.0461606763400281,0.000000498000808157161,0.345529943886797,0.000571790414668536,0.0402554934443506,-8.99101287944353,0.0528630134055711,0.000000492729719321449,0.340864902783083,0.000523838178212893,0.0462748976146148,-8.49549896937376,0.0469608793837237,0.000000499861845297366,0.340154455495266,0.000520234714442277,0.0404968044026421,-8.47488622079466,0.0449244057399242,0.000000328905312940245,0.347396797170192,0.000619928107517567,0.0403785704773566
"82",-8.5815947096677,0.047735795802092,0.000000657967293307484,0.336872742606943,0.000568079995075926,0.0418506116202838,-8.92472393545691,0.0509938566812804,0.000000623957668408936,0.335216863446168,0.000549650654110052,0.0471435369398161,-8.39008708621055,0.0446814576351172,0.000000687071243262934,0.335191790782435,0.000531077675007216,0.0405220760936923,-8.77594019478018,0.0487628022941367,0.000000733919452811372,0.347639642338138,0.000555272500166045,0.0424850712682863
"83",-8.58602321252278,0.0473172346388995,0.000000664442864146343,0.339773632798516,0.000557097304743278,0.0415113511426134,-9.02409841034848,0.0554411963508599,0.000000543089420066499,0.336342897402122,0.000568077840337363,0.0452600809831021,-8.54351661663653,0.0493862467880148,0.00000051402757655096,0.337233992097618,0.000556808861499489,0.0397835969706445,-8.6712364363284,0.0478862219881396,0.000000847325121016966,0.345892099368759,0.000517367512919125,0.0404580074951312
"84",-8.67077168207156,0.0476619552176493,0.000000645591015744143,0.343832188826249,0.00058682135566628,0.0423439315672085,-9.17227011346584,0.0549347698479315,0.000000437053247290515,0.343730368960082,0.000593656097763846,0.0480250503938904,-8.75420834823589,0.0489491152609055,0.000000489268701077125,0.346023476744789,0.000601794428239572,0.0431627233795421,-9.03496792500285,0.050142677424631,0.000000718032223479861,0.356305732615323,0.000579867783719844,0.0445198254201261
"85",-8.52243212964201,0.0473804714862435,0.000000566673600522488,0.336606956521263,0.000593091570860353,0.0411185094129297,-9.01256787881858,0.0542350178145796,0.000000395757367402304,0.332082913552837,0.000587106734629942,0.0477366530721412,-8.51345791099485,0.0479664878304327,0.000000459523038441957,0.333058797500661,0.000578575305457334,0.0416017774731483,-8.52300045475659,0.0446243256641425,0.000000374262153711729,0.336225292925494,0.000579647049088138,0.0447404339481366
"86",-8.42401781723889,0.0476026456876817,0.000000533512187138742,0.332023783065265,0.000548342152321762,0.0399187903818038,-8.78257187696029,0.0538690951211126,0.000000517059858631398,0.330935060708852,0.000549069796007459,0.042556446075612,-8.33699699389952,0.0485160400535099,0.000000572052516104247,0.331097927385666,0.000543663450660182,0.0370187197950389,-8.56289484983305,0.0487262093507126,0.000000582762017644767,0.33921347767375,0.00065469101154473,0.0396452448392988
"87",-8.64036697303601,0.0466758258009167,0.000000696450574706899,0.352806325470797,0.000557416920518828,0.0399245881041458,-9.016590127266,0.0515639286807794,0.000000535338363768662,0.346478563638815,0.000585559696048442,0.0459703206040472,-8.53589146401604,0.0456101798873021,0.000000591477193869476,0.34826466519828,0.000573025091988071,0.0398124927100448,-8.86285422807047,0.0465500226234411,0.000000825360814581425,0.358751896544269,0.00058733640468532,0.0434312839805598
"88",-8.58782875305737,0.0463451236693608,0.000000628112701901056,0.347205687250819,0.000571674498448498,0.0407524290281045,-9.2131437423582,0.0544679902713992,0.000000652263712860734,0.359637387722884,0.000519707995184733,0.0447385354638216,-8.73371875706378,0.0482482632322882,0.000000701047411904344,0.362287897413087,0.000511735704059579,0.0386396302628733,-8.52197971164234,0.0446816830520331,0.000000628956842936938,0.345401453536672,0.000621172081752108,0.0402718341936172
"89",-8.6097418771668,0.0467844832499674,0.000000571423877266322,0.344087717086125,0.000583383161889775,0.0418504805651589,-8.88220889452354,0.0494313342956364,0.0000004333365085665,0.339291648692831,0.000553400211554791,0.0471443824397789,-8.41234553896993,0.0433812527315903,0.000000473630244316565,0.342184993821192,0.000546397421754402,0.0411384785856493,-8.58466244565459,0.0452922708744467,0.000000318819214631171,0.351190399945788,0.000636469846932731,0.0414279615253309
"90",-8.63437438906889,0.0471428987460054,0.000000618659714886389,0.344646713262212,0.000530122926375956,0.0418225064909828,-9.00866310318115,0.0521326465488336,0.000000687149857519573,0.341921292494303,0.00055791458186075,0.0459890213312466,-8.56068580077783,0.0460156266547602,0.000000747396793476736,0.344676966042142,0.00055003751267164,0.0404735850720935,-8.52134273842116,0.0479229627880715,0.000000566599365686171,0.342257414003761,0.000501599212918028,0.0392435502338728
"91",-8.53726909577778,0.0472240508483849,0.000000681398511528599,0.342520063688273,0.000583734680418198,0.0396965285332195,-9.08104818575895,0.0532761980692744,0.000000688325656369484,0.341099236997324,0.000608825804798921,0.0468022368488155,-8.66285417165215,0.0474864466039716,0.000000731275444601299,0.344197571604734,0.00061253577011149,0.0416268395388624,-8.35149483412248,0.0456145002051497,0.000000514816308814444,0.341093107023962,0.00052178263750402,0.0378968314890729
"92",-8.63733312617854,0.0480109758234358,0.000000777456351194892,0.339479188400495,0.000589998274748306,0.0415891933217221,-9.22160902880654,0.0537132589613004,0.000000682158953626905,0.350938699714402,0.00064610007101993,0.0475540730193378,-8.70427029331712,0.0475576478498191,0.000000748420436935875,0.352248328358114,0.000645383651376314,0.0407438280721871,-8.77407309652269,0.0507018962985855,0.000000869858546001786,0.335035135533033,0.000627422237130064,0.0427069395383912
"93",-8.50855512872721,0.0468812301231116,0.000000655466975188751,0.341510136342952,0.000538356459805579,0.0398063883070412,-8.99084484608518,0.0517583939370441,0.000000524614047948468,0.341138448861034,0.000542647539647741,0.0470598197685437,-8.50506156428108,0.0455996073733719,0.000000564509342338713,0.341117770090247,0.000528744159399318,0.041491984468973,-8.5501517763114,0.0477694965934626,0.000000750123665422638,0.342804916462096,0.00050984340915835,0.0392789857251953
"94",-8.51543432893821,0.0471311139499306,0.000000618328719444259,0.33511292074218,0.00054688461931791,0.0413446659550371,-8.99155538534576,0.0546338090204987,0.000000467882883053373,0.334758411858821,0.000562884729207126,0.0462914809491606,-8.47812247497107,0.049021154386773,0.000000462985065737369,0.334571340907191,0.000550775966483839,0.0397719756592256,-8.5596574538342,0.0471029606441912,0.000000588299294068983,0.334964578266263,0.00054094821365696,0.0416589370682687
"95",-8.45941774329659,0.0470866954311701,0.000000595308005250188,0.336274148736739,0.000556805318181951,0.0400802094099805,-8.96430850981863,0.0513726383926926,0.000000406748507363344,0.335045972057306,0.000578968948081079,0.0488753866132368,-8.52130241241096,0.0454410494203295,0.000000478363867309848,0.339733254132788,0.000573879711372209,0.0427622020441404,-8.58210387563197,0.0460572321694874,0.000000764245684438496,0.347957822682677,0.000513198777370694,0.0402031118529716
"96",-8.52092146427419,0.0468663643826817,0.000000603484142731613,0.336852728980674,0.00056844902174789,0.0413695153825211,-8.79001713026554,0.0511287480438394,0.000000579871689431358,0.332699009938969,0.000529881224836777,0.0446197959605572,-8.31273137910974,0.0445990470616377,0.000000625020976314552,0.334307157453796,0.000530869855918884,0.0391519279969435,-8.4798425684478,0.0468859981819344,0.000000510661110528465,0.332573650616876,0.000553105134300065,0.0415500321596085
"97",-8.50455480490179,0.0480158085989457,0.000000537893720023632,0.334814994885059,0.000563762844930234,0.0407956164870747,-9.06393588750586,0.0548868194009843,0.000000469614575143327,0.341909166442208,0.000628786121536305,0.0458136054124572,-8.5759382896181,0.0492010264789102,0.000000491464726219076,0.344525475974716,0.000619309271990478,0.0391425530667735,-8.65831591185901,0.049029200102276,0.000000771587030034567,0.330267725038057,0.000581318408985396,0.0428910194524687
"98",-8.60076470766404,0.0480488078746462,0.000000643546362788523,0.336982299293312,0.000607492829616361,0.0418929710780986,-9.12607263739404,0.0555281128426402,0.000000458347963863732,0.331595765906443,0.000577022745206585,0.0493754682134431,-8.63661682246261,0.0492689332722642,0.000000528003739408611,0.33253358000598,0.000551753852165073,0.0434695890007593,-8.73068751274891,0.0483068138075422,0.000000936752123961276,0.337024841325579,0.000685889043628982,0.0428472583414193
"99",-8.55184827227648,0.0472067316387328,0.000000611760016622555,0.341225314410756,0.000557177228495007,0.0406923425534718,-8.88791241532716,0.0516673320351759,0.000000359541018118054,0.340088459252716,0.000607847792632071,0.0455633187152666,-8.41434765880486,0.0455864976756699,0.000000402316027401213,0.340901236575729,0.000605771390180089,0.0399678989802763,-8.76710028553329,0.0490850857454159,0.000000856603275187651,0.351110865720475,0.00059541150323023,0.0400311610289394
"100",-8.70469176166917,0.0470903749008929,0.000000602720080656833,0.346587371504255,0.000577143584455986,0.0430345175011704,-9.13874716592766,0.0532835799135282,0.000000445657295826013,0.345424928517983,0.000575923260572469,0.048250497561306,-8.66840864544751,0.0472673857469428,0.000000507772142257631,0.346914542212221,0.00057285286501341,0.0423930219210421,-8.84990436188663,0.048303335166373,0.00000054173669345209,0.35343377997964,0.000536575323443117,0.0441630204920081
