"","intercept_logit","age_logit","fnlwgt_logit","education_num_logit","capital_loss_logit","hours_per_week_logit","intercept_cc","age_cc","fnlwgt_cc","education_num_cc","capital_loss_cc","hours_per_week_cc","intercept_wcc","age_wcc","fnlwgt_wcc","education_num_wcc","capital_loss_wcc","hours_per_week_wcc","intercept_lcc","age_lcc","fnlwgt_lcc","education_num_lcc","capital_loss_lcc","hours_per_week_lcc"
"1",-8.50637953312875,0.0472107463593326,0.000000589278769862608,0.337390111485191,0.000571742439410344,0.0406558621067545,-8.95762899117671,0.0527834255124166,0.000000664331751430118,0.332894111043704,0.000565859366451318,0.0466159410437195,-8.32840413152582,0.0454892107208377,0.000000664519693537151,0.328655179058495,0.000560168585222785,0.0398939594583311,-8.59867247743774,0.0492040964015146,0.000000670626897287175,0.326677300101938,0.000614554895383219,0.0429063784863738
"2",-8.49122899801607,0.046322503303638,0.000000582826608938551,0.338661255323234,0.000562461912121593,0.0409016323445881,-8.92470170829895,0.0514892234165982,0.000000593872420930431,0.338299953765758,0.000578787249455038,0.0458860950467231,-8.49088162444824,0.044687920684154,0.000000697008971209106,0.342019671964695,0.000550567712589407,0.0409967150384975,-8.58174859442151,0.0460228412669049,0.000000708369554029592,0.342108480501444,0.000548195624639184,0.0417648207380941
"3",-8.51223534158247,0.0467590648807038,0.000000594759677018882,0.339419671434194,0.000564586719919344,0.0407976046349472,-9.07815985875052,0.0528267807342733,0.000000694673651043053,0.342087129816217,0.000598596396452401,0.0472034934282887,-8.70612804534177,0.0472230329975564,0.000000794701038421167,0.347080790500876,0.000605612445983533,0.042254459075037,-8.62111562934735,0.0470170280200835,0.000000757174040171484,0.342904563886606,0.000533142015272496,0.040737648643226
"4",-8.52051327582422,0.0468962597412588,0.00000052195727628509,0.339291563599272,0.000556759652047152,0.0411326724540372,-8.93108506072351,0.0524567608705124,0.000000320923870174999,0.333372175969693,0.000556452246415707,0.0477277705511289,-8.46131511339669,0.0469522909767976,0.000000350722042328388,0.334226094891066,0.000569333758026152,0.0417217609107118,-8.75691923612055,0.0484051770323517,0.0000006204286748437,0.348344746469737,0.000551154286109888,0.0425124132760764
"5",-8.50133783015968,0.0470497843706219,0.000000567442193067427,0.338513145134556,0.000537162128403095,0.0405568318537429,-9.03750548369068,0.0540001235765526,0.000000445632194493784,0.33983857954878,0.000549323741637507,0.0465951440508729,-8.43455261120086,0.0475270468067352,0.000000353631680182499,0.337076813414098,0.000534957983479029,0.039754101702275,-8.45565323245806,0.046577353598667,0.000000405739640915799,0.337257946381876,0.000585386874172049,0.0406480179555731
"6",-8.53536318232018,0.0470373381263152,0.000000604645349948668,0.340335733867199,0.000558304181339054,0.0407815212251454,-8.89067685839635,0.0532104975020177,0.000000464790620797474,0.339233779939428,0.000595224172201173,0.0438262183876763,-8.50255382864802,0.0477893656694845,0.000000542154760462879,0.342408478354876,0.000542571304656334,0.0389216212878166,-8.54798868380809,0.0480353666503656,0.000000518204355867805,0.337764194609504,0.000599207425626696,0.0405074602001551
"7",-8.55324356149672,0.0473222368228526,0.000000645435126775562,0.337872122316183,0.00056345899190892,0.0412544688767338,-8.88890007386053,0.052822514733013,0.000000639366427837897,0.334006404584686,0.000575865004449561,0.0446468755472178,-8.41479698425518,0.0469962041724946,0.000000615566624447999,0.336557182565364,0.000536483376670712,0.0387751965319086,-8.61884876562259,0.0476870195760894,0.000000683003570927202,0.343700641345602,0.000597112871794959,0.040207728302676
"8",-8.56777069357311,0.0469702498401381,0.000000623786846815619,0.338630959654887,0.000576497531784583,0.0418795030094005,-8.93206442021942,0.053471820990231,0.00000062908866409936,0.334717560262625,0.000612089783354881,0.0451686674401074,-8.55390939644575,0.0476159716555372,0.000000738935783692782,0.338236158214101,0.00058759922169955,0.040624691214955,-8.60320350075519,0.04544289393324,0.000000621157812909331,0.339502799690106,0.000602827989619541,0.0437064396658681
"9",-8.55160547011187,0.0469386072484935,0.000000611890445322992,0.338177559409709,0.000550874640404741,0.0417411456134194,-9.02309204779743,0.0525875745541788,0.000000477103865921113,0.341129626108746,0.000564442472850646,0.047191414897247,-8.52955785879696,0.0465202217273971,0.000000554274626113054,0.345008012533227,0.000559812597783368,0.0402237413274354,-8.6534931223994,0.048552147716342,0.000000863396265680198,0.340384058303211,0.000642057369857208,0.0407227132081426
"10",-8.52776085524627,0.0467276688113428,0.000000569196783690125,0.337498650526818,0.00058658026460738,0.0416517973509138,-9.01717419967198,0.0534422039006863,0.000000636740277037721,0.33688971388432,0.00058431689476884,0.0465238055581223,-8.49979751121844,0.0471386025909872,0.000000612685919871068,0.337005548090018,0.000590448167370747,0.0405041177459878,-8.54244239810797,0.0466627465934202,0.000000374182548299387,0.34548186752209,0.000613527803583931,0.0408433574304813
"11",-8.53948908266969,0.0474376806180009,0.000000579860887964311,0.337316776467882,0.000557864193912025,0.0414112515454575,-9.0274462347209,0.054781750979653,0.00000044882992751277,0.331451633449276,0.000572425744596451,0.0478524324448489,-8.60488415867603,0.0485055847396121,0.000000591028554282991,0.334183961543474,0.000569333185902635,0.0426736363582911,-8.64191999495461,0.0489229489990126,0.00000063121571188893,0.336818439137255,0.000577974619674067,0.0415382487512625
"12",-8.49792043578711,0.0467424155168577,0.000000622649330685467,0.340249333300433,0.000551460419952513,0.0401499959146562,-9.03755768845683,0.0533910454288239,0.000000519037538648254,0.341302520131218,0.00054935871736835,0.0467225773197428,-8.52912981254631,0.0480020035975753,0.00000062929008518344,0.335664964949884,0.000567203720283788,0.0408437873377226,-8.58047443300094,0.0469696380096206,0.000000750998888315809,0.340891454902815,0.000520863425273826,0.0410022440420445
"13",-8.53131223628119,0.0473195587497226,0.000000555492344239865,0.340731753153624,0.000544297966172002,0.0404597536542136,-8.93347228785125,0.052881243299318,0.000000578184192121932,0.33966565614853,0.000546420055843754,0.044523926235901,-8.47883193753781,0.0466306563151436,0.00000062022553374189,0.339842852510908,0.000520751294689855,0.0396405494925151,-8.60192455123383,0.0472000136671894,0.000000575852385469744,0.34438549356521,0.000522674048244974,0.0410694267363063
"14",-8.53608318440644,0.0472389253968189,0.000000598495857100339,0.335819647804273,0.000553496458024048,0.0417706760100599,-9.01219531841468,0.05339896424447,0.000000577690366338678,0.337312820354547,0.000590526084743366,0.0467453427454369,-8.52227534546513,0.0474524323818049,0.000000558212317913702,0.339201623281537,0.000552933644456767,0.0406889062521053,-8.69511889354423,0.0478926750889488,0.000000627244285248873,0.342446043838542,0.000604330747312831,0.0426305129595413
"15",-8.54021471519513,0.047145573489,0.000000538022891868993,0.34110806602821,0.000576953222703056,0.0407756349026843,-8.85994919810304,0.0521295456434032,0.000000592920324600355,0.338100248185606,0.000634198680396131,0.0436028252012315,-8.37406812237706,0.0464138890441476,0.000000491646618029801,0.339355183013417,0.000626749090983273,0.0379176879657046,-8.67490030469118,0.0479601064905448,0.000000723869148236734,0.34629302671562,0.000602089988240319,0.0407088118381074
"16",-8.50477239019016,0.047158515461074,0.000000691862511277011,0.336630833622717,0.00056150381387663,0.0405639488638143,-8.79682344321142,0.0521721694222029,0.000000409510166197388,0.333848316807936,0.000502976636424351,0.0444994931925407,-8.39729522787474,0.0468394041247403,0.00000048599248556045,0.337869021140403,0.000488754626767392,0.0389788069637469,-8.56161038152573,0.0477974883007156,0.00000081678055610613,0.34338891218039,0.00062017677143656,0.038440552525063
"17",-8.52778545710847,0.047643724180696,0.000000561706681372706,0.336337097044153,0.000557469502229748,0.0412467568554486,-9.09221751802809,0.0542817449960948,0.000000633553673413347,0.338151031392612,0.00058479137583129,0.0473565316146124,-8.54443025419535,0.0474849966923149,0.000000764008102695724,0.33454535520419,0.000577093476146128,0.0413373898556446,-8.56392757327745,0.0487912861521998,0.000000476290757089234,0.340161988928637,0.000549432457812794,0.0401786000799999
"18",-8.48742963999877,0.047025882114674,0.000000596693059567617,0.338092806883392,0.000578418043086045,0.0400962974068531,-8.92123199438534,0.053167403701457,0.00000051173582242027,0.328342517532546,0.000572962951797459,0.0470936365797854,-8.31691939057142,0.0464125641507447,0.000000503038397971056,0.32530040787446,0.00060044496840497,0.0401618350421146,-8.61461547034367,0.0476150721953912,0.000000641936508599985,0.34915781144128,0.000574561887132223,0.0392832809663174
"19",-8.57953740797206,0.0473984089461946,0.000000657713311550783,0.33992577677981,0.000575724822518808,0.0412244755231898,-9.04172263254865,0.053662173561041,0.000000528320774532167,0.338086756783404,0.000598099512011677,0.0470557939459843,-8.54207908562473,0.047344209801803,0.000000560186279534661,0.339234285873659,0.000608779042735347,0.040922738341536,-8.73305535965759,0.048772003027657,0.000000840918270125628,0.343922849382723,0.000570368977234142,0.0414482011836046
"20",-8.53591371709386,0.046547198150416,0.000000561590766996576,0.34019697790216,0.000575482943394842,0.0413283591154779,-9.03884906095402,0.0520218134571867,0.00000052311187332473,0.345067818882326,0.000592273219329124,0.0467182331401486,-8.48286163994884,0.0446423260405855,0.000000565761019509718,0.344931723302598,0.000622957495919738,0.0404787430412739,-8.56522187437765,0.0462836826607181,0.000000498302378318781,0.348370373554495,0.000572385316077483,0.0400653862360375
"21",-8.49560713579803,0.0460889281951847,0.000000629149557617884,0.336680337474721,0.000548331241127856,0.0414993050696949,-8.96246274177158,0.0520746433092088,0.000000623111217784614,0.337417870164042,0.000552526286416071,0.0464978980725074,-8.48439848612531,0.0468213481590511,0.000000646996157722522,0.339331712848235,0.000578426327055367,0.0397356728407077,-8.54540072532844,0.0456057748026627,0.000000762067368367491,0.337048685827036,0.000584771022670502,0.0419282814961124
"22",-8.6135638071504,0.0473805563244167,0.000000610416860265638,0.340586139179208,0.000560793952682896,0.042112756895941,-9.18235880431783,0.0547768903916174,0.000000528639102387813,0.337606145102441,0.000563846060734146,0.0496406210555,-8.67395927684542,0.0472109607415822,0.000000678403784404947,0.34245453229943,0.000580315450617561,0.0430872515686565,-8.68252667334655,0.0482851227799511,0.000000555322057625138,0.338147911580824,0.000566967856264364,0.0433821942165201
"23",-8.58817382907353,0.0475620945873463,0.000000631523641490547,0.340810291411074,0.000562343831164519,0.0411860701537637,-9.03021746911684,0.0533300153214922,0.000000491985917700881,0.340336724590765,0.000566542303408739,0.0466510268153909,-8.55208960944774,0.047195358305056,0.000000502705656912565,0.348870202856332,0.000567648767728127,0.0391933800741206,-8.70445376539519,0.0486224621398371,0.000000716713208205673,0.350826703009773,0.000539267597378977,0.0400701551881836
"24",-8.54150461619064,0.046588327838657,0.00000065672001383856,0.342770437084557,0.000575263807665845,0.0403319304286101,-9.24991330942887,0.0545938727059305,0.000000668117625447063,0.345387593918368,0.000546541605115808,0.048910005145267,-8.54184178953799,0.0465625596597245,0.000000664952429766701,0.341074681535216,0.000520760307922481,0.0409723636265438,-8.60361807717769,0.0467800719868752,0.000000755550962956209,0.344069928169772,0.00057651654870036,0.0407676850155848
"25",-8.52190418192109,0.04737878362561,0.000000576572638264332,0.339250035543846,0.000561427286961926,0.0405448650793346,-8.85676161581699,0.053344537626945,0.000000586733535700577,0.3297312322206,0.000584080337860361,0.0449421987760007,-8.42196436804664,0.0475276925368868,0.000000614166929468417,0.332454303092948,0.000570165298147285,0.0396338949236051,-8.63460890048022,0.0481264183529317,0.000000537113776497487,0.350785247311999,0.00056808131714526,0.0394615002599185
"26",-8.50444055868709,0.0470187106629649,0.000000568617047684699,0.339397580948056,0.0005782821689052,0.0403136850377623,-9.08368248016638,0.0532257610376095,0.000000604947133167193,0.345845655843909,0.00056694233606554,0.0462220119702691,-8.66666708559076,0.0468121856766651,0.000000606810443630947,0.35022691734229,0.000556104733968503,0.0415840504159688,-8.53248369335502,0.0465955945927338,0.000000361452458877003,0.345312868913129,0.000600091786540892,0.0410807955933576
"27",-8.53263750206748,0.0475733810766347,0.00000051525118821934,0.338288672472381,0.000569824797669531,0.0410695044906986,-8.91444710497996,0.0535191663984778,0.000000380164913822754,0.333130530309607,0.000540278221874578,0.046015269821478,-8.3510515875057,0.047040149618365,0.000000349763001365703,0.330926389606121,0.000556903052641358,0.0396359747839128,-8.51369491258623,0.0456843430904248,0.000000321044679146726,0.347812641213082,0.000615153893447079,0.0410748715127868
"28",-8.55657552233283,0.0469273643155129,0.000000717581132263027,0.339481158474388,0.000548394527106157,0.0410997545863224,-9.0947948932714,0.0535548755661999,0.000000638888076392856,0.340884106511028,0.000530285595494378,0.0475878400207835,-8.61946166101506,0.0475292553964404,0.000000689736300709092,0.346362347381949,0.000526491883390757,0.0405714330088829,-8.68733881061685,0.0467488600261689,0.000000873132792778322,0.346076816622478,0.000580131346423945,0.0417958470022603
"29",-8.53923291842194,0.0467841059769634,0.000000636936778065158,0.33785661361555,0.000574989255018124,0.0415341802529683,-8.96673529749889,0.0528056922312728,0.000000539373210688613,0.334752991951452,0.000601682024461333,0.0469601044600939,-8.58325431476462,0.0471295142396926,0.000000592217303295759,0.340621359254878,0.000605643159071368,0.0418005087138553,-8.48053223699972,0.0466770191094379,0.000000572136442646552,0.336069643391762,0.000527386703588912,0.0408636636298624
"30",-8.59080053161846,0.047262951839241,0.000000632775973803019,0.342138249148513,0.00056878747134528,0.0411854041435081,-9.11913285776561,0.0545712493663743,0.000000596842081613615,0.33885261056395,0.00049826703373386,0.0476812677497252,-8.65583534494764,0.048422489316806,0.000000568801020980099,0.341009217969365,0.000500070787976684,0.0423043588627573,-8.59767593835124,0.0476272874879438,0.000000578947039664508,0.344031926535375,0.00062572893480016,0.0408310704166127
"31",-8.55891286115777,0.0464928494771925,0.000000632576719881932,0.342846704088773,0.000552651951992659,0.0410014823541148,-8.78628937494873,0.0516509018734887,0.000000440641525728694,0.339527317508404,0.000550589178543857,0.0428643631327988,-8.50880247718843,0.0461880690323648,0.000000580799886537845,0.342783300355302,0.00052114018368477,0.0402235172806386,-8.43295030537174,0.0456790261824562,0.000000472963757387949,0.340149055147486,0.000562495711765924,0.0402631391411111
"32",-8.56754203597361,0.0473845979132927,0.000000625350324799109,0.34089955807238,0.000563906615435965,0.0408488506972984,-9.15065517220656,0.0537535431575888,0.000000713327223678572,0.337862904501011,0.000569087013367653,0.0486680152530882,-8.72858894953742,0.048758687648459,0.000000759923053270603,0.340463380140308,0.000571070617208945,0.0427780594552031,-8.69468612458833,0.0479924261112663,0.000000556837444555688,0.348110586485061,0.000552367928418951,0.0414410035014761
"33",-8.46905778970846,0.0466222539705425,0.000000573292319273355,0.336446082180788,0.000565080379321796,0.040761733002644,-8.95171746879688,0.0521197736769819,0.000000406232456316819,0.337237641444629,0.000571243446786864,0.0473185643625052,-8.58342094592058,0.0463248835257479,0.000000535152497026851,0.344909574761526,0.000550953920469929,0.0418548824206413,-8.66427038599609,0.0478054827548954,0.000000607010601052991,0.346568178062859,0.000555667349127176,0.0413147886202964
"34",-8.53912729921794,0.0468871610501329,0.000000544801584262482,0.338460477089751,0.000573889223974206,0.0416703968796946,-9.04776472982485,0.0517101931600126,0.000000520441372933838,0.342942731851205,0.000623033181906219,0.0478281709568805,-8.55593896929588,0.0457178335936939,0.000000575184006995956,0.34335353295971,0.000592669053558872,0.0419147108376919,-8.57637281163484,0.0452251576462276,0.000000508943698374575,0.338898280487691,0.000618752457608074,0.0438599450778793
"35",-8.48971852215604,0.0464508217165579,0.000000642796257917857,0.335441721319369,0.000555127248499056,0.0412305009479374,-8.9243435372147,0.0517770076898121,0.000000760033870690783,0.330235477032805,0.000544097257408601,0.0469343765934946,-8.39572166329763,0.0453535041630262,0.000000862227298468158,0.324514278064317,0.000541902463465219,0.0417243378326733,-8.57824132430435,0.0481130838687275,0.000000780763511745475,0.329562525639351,0.000561169946663101,0.0423659587550387
"36",-8.51411067126014,0.0470792858430709,0.000000555778970644367,0.33867896888378,0.000565902401881151,0.0407665825071518,-8.92367648165619,0.0531207281066524,0.000000414257823812014,0.335864654705927,0.000516964499712258,0.0459518887911625,-8.38944523691917,0.0464492733216678,0.000000437199098374299,0.335722635078331,0.000540457740796318,0.0397435131233605,-8.58476264928699,0.046758871521517,0.000000613433499156521,0.349726357661732,0.000553240691574784,0.0399267275145268
"37",-8.54781388996751,0.0469185517979578,0.000000583383091509306,0.340454266037171,0.000563256014302506,0.0412247217875971,-9.07679796559999,0.0521186915642935,0.000000553540296253601,0.34188872780943,0.000587702326482555,0.0482426638754449,-8.62377376118863,0.0462063370187944,0.000000613225388632026,0.342137607643412,0.000596536268021675,0.0430742618447436,-8.68384144635072,0.0474838150101158,0.000000667884987175171,0.341806692195954,0.000575681950977407,0.043080373605991
"38",-8.5917496165701,0.0473363216751935,0.000000655443257995577,0.343022215592463,0.000573392930737057,0.0407474809051949,-8.96814155816707,0.0529783780594075,0.000000759018208681553,0.337323759053847,0.00056772107269647,0.0450089163679918,-8.5184037730725,0.0473275919983858,0.000000822697369404211,0.339444669834684,0.000569226970748673,0.0392093044361035,-8.63799621168519,0.0476235552831927,0.00000089007085145111,0.343955848887205,0.000605557955971632,0.0401060384189709
"39",-8.60413846999107,0.0470238615149518,0.000000673496132857596,0.340507226850345,0.000552322512851628,0.0420102669849161,-9.2281314960604,0.0537584020232578,0.000000698900726092855,0.338971599152973,0.00054318697536911,0.0505554974263972,-8.60287830538025,0.0467050581844158,0.000000723002549729635,0.335605761403405,0.000546218554186147,0.0433119012652389,-8.63066273525083,0.0478233956719217,0.00000065623577697917,0.340638453224249,0.000607832594546042,0.0415453983232176
"40",-8.50420206143176,0.0468104725794325,0.000000558348011009545,0.338282182844955,0.000555477281559842,0.0409905706509862,-8.93604167847563,0.0532704622648168,0.00000054368392898274,0.332900660281276,0.000552382332175529,0.046095454813652,-8.55318410559133,0.0473948170042881,0.000000602654656247183,0.335537958242629,0.00055025497745166,0.0419069020819315,-8.53600290248207,0.0459645270553251,0.000000576838685888923,0.3449666426696,0.000589296309203437,0.0407050520339128
"41",-8.55425688852362,0.0469535006634356,0.000000624910820137392,0.3394192572891,0.000551880069167847,0.0414147282922491,-9.0382910757194,0.0535395605603334,0.00000072742587338874,0.32998076397298,0.000545330710901799,0.0481868829325014,-8.63875863558357,0.0477038434900611,0.000000766280970590611,0.331913621377041,0.000542076932853977,0.0438221155015673,-8.59226651016492,0.0472436357562203,0.000000703478558585894,0.340835779222383,0.000535466071607381,0.0412660216457751
"42",-8.52815887530948,0.0468356052336218,0.000000687741451758843,0.337049482232,0.000551085280873126,0.0411778065840249,-8.98139621777496,0.0538738104144313,0.000000524951020599578,0.335458800557261,0.000538678260893506,0.0461833003517167,-8.67735371951908,0.0490132233635831,0.000000551712871863675,0.342356637468014,0.000515191148477029,0.0420384907025125,-8.48817637084852,0.044418420664342,0.000000689898968543992,0.341191797369443,0.00054557023850135,0.0414624996572144
"43",-8.57328467042711,0.0473937945832004,0.000000677324529050958,0.337256897102349,0.000584943502471875,0.0417206559450769,-8.99880786074234,0.0526919300736843,0.000000546134888389787,0.332423266888516,0.000571419173692883,0.0482027161809836,-8.36807003426127,0.0454428031535245,0.000000574051921864595,0.327696515064142,0.000564441877238266,0.0413999310425185,-8.7710112933345,0.0498738877175959,0.000000608637388808321,0.332379924587306,0.000601921626829914,0.0448901643651199
"44",-8.56138269593079,0.0472230602840934,0.000000576682239421688,0.340990289879948,0.000547739219043428,0.0411468311343258,-9.11667216030134,0.0527645245146446,0.000000520798726803109,0.346279724681538,0.000558764737160334,0.047690640799055,-8.59488989524725,0.0470095217356507,0.000000511212412395957,0.342525518346808,0.000564935622588472,0.0419736417379529,-8.5218615707639,0.0471707810697628,0.000000655267727404463,0.333160092315718,0.000502221975542629,0.0412342892728045
"45",-8.57127282403492,0.0472232817059235,0.000000579202184391928,0.339076729740468,0.000592198991824122,0.0416432951220587,-9.00360501153125,0.0522357825580549,0.000000551249969196562,0.335536917917206,0.000568251226504334,0.0479910259970151,-8.48059378832554,0.0465927568741939,0.000000498851594164322,0.332684361869197,0.000538776093339459,0.0421606464161084,-8.69194747878121,0.0483282860705801,0.00000057051134906895,0.341627079563701,0.000574932836963894,0.0424448552378805
"46",-8.58439340906341,0.047510561947847,0.00000061167263283108,0.340423706478873,0.000562822387341808,0.0413734445363428,-8.99448841063946,0.0523243333946096,0.000000709381397937238,0.339924364691342,0.000616590649966282,0.045918411457267,-8.49247197644133,0.045954483269505,0.000000704780723844018,0.339466297125722,0.000630925788411433,0.0403459669807148,-8.80878408332912,0.048899386570262,0.000000589892532530047,0.346164327249704,0.000534488279059212,0.043789347798232
"47",-8.50560673625534,0.0472754685495346,0.000000545011352135468,0.335580650994021,0.00056920197883037,0.0412555165412523,-9.07281701443773,0.0532961712319517,0.000000513004777437636,0.341331084382959,0.000563808007386092,0.0476361379688317,-8.50287965184237,0.0460581979548886,0.000000556636540600228,0.336989762558992,0.000558342014945266,0.0420975276554731,-8.73944935513204,0.0476226065447192,0.000000838284710327744,0.343642971395415,0.000534444833895181,0.0429398130315269
"48",-8.48102327276095,0.0467730279782014,0.000000612219450295933,0.338506992212216,0.000567482367411884,0.0401692691966257,-9.11789451198813,0.0538454255653731,0.000000578616410596914,0.344716430575225,0.00054370622445379,0.0470683791362232,-8.76466849898598,0.0488720932350155,0.000000629337318263601,0.349183968958838,0.000547341478621938,0.0422772840833172,-8.65368754567458,0.0483863171148321,0.000000742879587414235,0.349476620278209,0.000569069312330328,0.0389568110650514
"49",-8.5831133689853,0.047304207576465,0.00000070832282823479,0.337531297095062,0.0005810004911421,0.0418115715495728,-8.98734818731713,0.0533089681542422,0.000000663575548628126,0.339217966760886,0.000562802506211546,0.0452241329598647,-8.47035601574436,0.047477429016934,0.000000608822355658922,0.338205170783242,0.000554752930791224,0.0391936157960877,-8.54481117226348,0.0454737734302075,0.000000639944209804628,0.344114482779058,0.000598094623880877,0.0412938317940978
"50",-8.50772240907642,0.0469659564041654,0.000000619145540631644,0.336558145047055,0.000564360864545874,0.0410654972115349,-8.94742947044021,0.0532071315598466,0.000000639153399223632,0.331129645324983,0.000557569137513298,0.0466004581881177,-8.4247835980269,0.0479212559120941,0.000000565567683753348,0.329268177390012,0.000555537230981675,0.0402816521411834,-8.60857762879085,0.0485854335024622,0.000000696709685611065,0.33657055513482,0.000606494730801614,0.040761354348818
"51",-8.52010655422689,0.0466620469581495,0.000000660023410186596,0.337909311619768,0.000576247547714821,0.0410744782679936,-8.9727750605916,0.0525860780840664,0.000000756264536281586,0.336692391330201,0.000578893622651301,0.0457140713678657,-8.5755456988045,0.04776317948772,0.000000679881667111076,0.342513945804671,0.000549029511545584,0.0401937350709417,-8.43557460878987,0.0440085067194327,0.000000704761352293112,0.33740583847551,0.000582594819163492,0.0416487036377939
"52",-8.56377298305041,0.0468538164092381,0.000000608328720056516,0.340147796072793,0.00055760398178775,0.0416407088700786,-8.92550757324867,0.0521229920602595,0.000000417284593436188,0.33636697424123,0.000584326302855105,0.046617666443913,-8.39895910421471,0.0456605156715428,0.000000478760611618509,0.338751135854423,0.000607687854362644,0.0395972839901687,-8.55399445860742,0.0472425749455996,0.000000644229999878944,0.335368589207926,0.000585240315699833,0.0419321906134922
"53",-8.57478106933877,0.0474480656686221,0.000000633365086622787,0.340415474275108,0.000558966089185911,0.0410591998984355,-9.0686003634752,0.0534356676862415,0.000000673874337705037,0.339333903953646,0.000546084414818021,0.0471627705444223,-8.56898097172838,0.0460194843647939,0.000000888947316673708,0.339504711323661,0.000526624536477097,0.0416143868248964,-8.83363764481241,0.0492914995809169,0.000000716200200979332,0.352597386049302,0.000577767029709914,0.0413925855997074
"54",-8.54263466775063,0.0468348044457186,0.000000512927085114936,0.340053911547145,0.000576486897715896,0.0415984982788098,-9.03280072698287,0.0536871280094165,0.000000448871290545094,0.34569119668798,0.000521609186149399,0.0455081149298075,-8.55077032567267,0.0472437070023431,0.000000500573678427414,0.347639251686166,0.000535828534258947,0.0397187219308848,-8.6134897690135,0.0474804373507454,0.000000781111841683384,0.340321843909227,0.000587837109779693,0.0411514495863326
"55",-8.52291743484939,0.0465377819307041,0.000000627729791383561,0.341041180983486,0.000572011404451953,0.0406504451135369,-8.97905033060566,0.0516568114528551,0.000000533518089431112,0.33465714999343,0.00057357752165911,0.0483313858560289,-8.50978292438355,0.045547818160898,0.000000549142580738373,0.339668718196,0.000557616801975633,0.0419102699105035,-8.6688022826935,0.0470590601415384,0.000000989082555346035,0.353279133149238,0.00056366628734255,0.0388948822162974
"56",-8.59558456062703,0.0474335901858952,0.000000628377273075643,0.341958573826308,0.000590953210894808,0.0410931771659155,-9.08537776752086,0.0537640324134801,0.000000415017128007025,0.33912885810753,0.000582317196753519,0.0481674494810922,-8.57959363297994,0.0466660984405741,0.000000478496692057741,0.340922112632728,0.000593477579681843,0.042349055693265,-8.67603095909593,0.0474416316183108,0.000000673021414007027,0.342109844782606,0.000565649159250226,0.0424095228887821
"57",-8.52528581575147,0.0473483810455223,0.000000644272532709869,0.336353069584141,0.000572128776879446,0.0409937499686556,-8.94803666261709,0.0518963627546011,0.000000676610834018755,0.33016797494846,0.000585786116790832,0.0477774096641585,-8.56239871256459,0.0465176935914499,0.00000063423781461045,0.335593358523726,0.000578770597001871,0.0429400855186968,-8.79653822871553,0.0503463360863693,0.000000762972392290023,0.343549690980943,0.000623066494056884,0.0418505041625108
"58",-8.5618956344769,0.0473384607701688,0.000000596445307115627,0.339303444331516,0.000563911337980419,0.0412869340722567,-8.97909113798701,0.0531180052085978,0.000000514414670318793,0.335697299958437,0.000547008940002248,0.0467096310264153,-8.55247914812871,0.0478402637418862,0.000000533901091640927,0.336461228796747,0.000556743239053914,0.0415639665558758,-8.81038279462375,0.0488029673775874,0.000000640980409889103,0.348051548583481,0.000565108378035765,0.0427446257115895
"59",-8.56693768321225,0.0472162628562132,0.000000622853005616667,0.342069422401483,0.000572770850114529,0.0407888966209784,-9.00197258561443,0.0531487704309579,0.000000465362601994928,0.342424617250201,0.000568543509512044,0.0458433294630401,-8.57207057938256,0.0473538935010312,0.000000509834623868074,0.346727524667207,0.000578013618910344,0.0400512997617267,-8.59655127021432,0.0468439669573013,0.000000541342006550992,0.341231073231804,0.000645623820219986,0.0418670606648074
"60",-8.54126245465361,0.0469167011473792,0.000000685051122952516,0.339262992195028,0.000564274040713279,0.0408345890914676,-9.10138813573515,0.0532796485252606,0.0000007671965167197,0.344478021826266,0.000538658175683207,0.0462563753738322,-8.66062118997223,0.0478611134323277,0.000000792142655502959,0.344641979838868,0.00052400731505188,0.0410575848567042,-8.41823327238833,0.0452692696548321,0.000000583294294274788,0.336154853436305,0.000599679083126636,0.0407087034265236
"61",-8.45472717280741,0.0461411416513657,0.000000571232530690982,0.33686249061394,0.000570315612083532,0.040699668063973,-8.91042132709349,0.0525883907468514,0.000000608591683109303,0.331096284748896,0.000531203406138996,0.0464706729407684,-8.38410966258226,0.0461250412557934,0.000000534497717110531,0.330580331635967,0.000533349106606772,0.0408455480881607,-8.54904573916383,0.0474738698522697,0.000000738404004460211,0.337244359227541,0.000602489199491602,0.0407631528578242
"62",-8.52453960198659,0.046700898572582,0.000000655578460025938,0.336751528987672,0.000569231827881489,0.0414419735400795,-8.91715324377355,0.0533299536660447,0.00000056116465113365,0.337921049165527,0.000593677329765717,0.0443471393482902,-8.41590630459389,0.0470298711890434,0.00000061249507403204,0.335653026268682,0.000589492482435807,0.03906096093618,-8.61142168208573,0.0471650723995268,0.000000659329918533219,0.341593838315934,0.000530262975705027,0.0415830268013433
"63",-8.51514924059156,0.0471953187865117,0.000000662055497481759,0.335165888357251,0.000556184166856475,0.0412926852927737,-8.96548067815702,0.0522411646075426,0.000000609595638876933,0.332645939462521,0.000524897593587273,0.0478930570893711,-8.51212215377575,0.046279106896881,0.000000595786554815194,0.332056401260563,0.00056226171669882,0.0432625349588861,-8.61405354896613,0.0478833193742963,0.000000843641360446367,0.337793694605378,0.000569392765172097,0.041179300695943
"64",-8.49966472276086,0.0467397408753817,0.000000595986001797879,0.334836969571171,0.000558582267937963,0.0416432177483752,-8.98682871211722,0.0538244073384056,0.000000527186108239759,0.330860234068048,0.000543707081115207,0.0475227979079551,-8.52347909520785,0.0485615433156637,0.000000649671013588977,0.332758307133359,0.0005111409068518,0.04078902050196,-8.64142619967509,0.0478880129127326,0.000000747070689726059,0.342415769577268,0.000592915779051718,0.040801253898878
"65",-8.5526270174921,0.0470907269309029,0.000000601355518794052,0.340240575839124,0.000567210088272217,0.0410030951988507,-8.92623557183681,0.0528956805839597,0.00000055484056076661,0.332571479751241,0.000599534545529085,0.0461478099637702,-8.49648918948848,0.0466554569578119,0.000000623391987987596,0.329873217473644,0.000556879858587592,0.04263543584296,-8.49809059260168,0.0475734860523873,0.000000513849168914345,0.338558401590157,0.000602778667470433,0.040067714040591
"66",-8.54466416717825,0.0473309427420309,0.000000594052868372421,0.335792276611176,0.000558591857111482,0.0418986294858957,-9.20041417124924,0.0552244347760706,0.00000053487222434332,0.34107864540241,0.00059174621381377,0.048949687825207,-8.6968386431981,0.0489846895781331,0.000000595086941889587,0.343622532550803,0.000568290886773875,0.0421825597742183,-8.56396710734616,0.0488543996393641,0.000000386499985110513,0.337231873659744,0.000555382352016248,0.0410463617112939
"67",-8.5834871041847,0.0477830555583226,0.000000576788305831069,0.341927784581999,0.000566418033672405,0.0408338329980067,-9.07872936060151,0.0553022002535067,0.000000765581534122783,0.335497399169564,0.00058418257161153,0.0458542994185867,-8.53633887121681,0.0479926069810974,0.000000784339641816814,0.336159966035289,0.000589566553142293,0.039819311419099,-8.51209356562522,0.0478090356200066,0.000000659336717086947,0.335718464830561,0.000575971693880312,0.0399970808077658
"68",-8.59137609839348,0.0475950901109949,0.000000529969088313477,0.338917965606,0.00057074565811068,0.0422098367917678,-9.18140823728593,0.0535971702831277,0.000000544355705503331,0.341698663469837,0.000554070498654905,0.0495079530824558,-8.62287768337786,0.0471646859709325,0.00000054341949658781,0.33788536222444,0.000543170789986142,0.0435426047189272,-8.66721745665153,0.048549545932239,0.000000334732290841805,0.340983025916025,0.000557286363384685,0.0430792001534414
"69",-8.62743530426514,0.0477090101796364,0.000000613057802831063,0.344127832704096,0.000583093737616265,0.0411294481467335,-9.09589331738982,0.0547225589054793,0.000000658928537718403,0.337044801545926,0.000614748165113313,0.0468657284488609,-8.5615992099862,0.0476570515920047,0.000000656613319387385,0.337313037603723,0.000601293876080017,0.0410147084947885,-8.68540070267157,0.0484990879709147,0.000000580221922308217,0.341359550946238,0.000582437712552224,0.0423739097760876
"70",-8.55435431434189,0.0474164441692757,0.000000545270990974444,0.340154599465721,0.000579132339556055,0.0411450440216588,-9.05823311401738,0.0519379737500111,0.000000315478677259138,0.348907889536901,0.000549408597442946,0.0475063386817792,-8.62550719275432,0.0460802908809077,0.000000386063647199067,0.350340574302282,0.000542270340501,0.0424258367263637,-8.54211372922848,0.0458669866262394,0.000000417629226354423,0.346904346833224,0.000540553292768306,0.0414800681731605
"71",-8.47914070226409,0.0464319586972107,0.000000580528181945444,0.336741442454692,0.000559109569580492,0.0410557333288595,-8.9727581661443,0.0520536429309449,0.000000360595529585581,0.340677551378906,0.000573320588420018,0.0471205181427667,-8.47538227728427,0.0467029768779093,0.000000361371694787634,0.339896866836426,0.000556424025675715,0.0408336697713818,-8.78134951620553,0.048412185411195,0.000000689278728530425,0.341674929864365,0.000516382983981649,0.0442472193835376
"72",-8.5171756747854,0.0472594986379087,0.000000604006155287549,0.339007198133204,0.000580047842413179,0.0404514908641619,-8.83063605117665,0.0528502406128777,0.00000054479124959036,0.330631029963528,0.000623075832545323,0.0445271757084938,-8.45012211359274,0.0464843373305572,0.000000748440457949811,0.331842761968118,0.000615373535668331,0.040604474716629,-8.49483605787523,0.0484862174629975,0.00000063831638909797,0.340002904863082,0.000506972422106268,0.0383877396335224
"73",-8.60944552147929,0.0473170616573403,0.000000609776965528022,0.343086320869521,0.000553206795887737,0.0415052979128395,-9.10407308165776,0.0522966913566758,0.000000559687714226984,0.344047260970193,0.000551400690798323,0.0481988476938673,-8.6345045404915,0.0469268972744125,0.000000632183382983312,0.344645557863621,0.000547891073169145,0.0419037948154135,-8.57553213668847,0.0466638131778638,0.000000502568922895855,0.336390233594146,0.000596987903751009,0.0428816688603375
"74",-8.5541733462036,0.0470177243886462,0.000000654460741965201,0.339269923103256,0.000572678993557091,0.0411468161978262,-9.01772678117517,0.0522187560739136,0.000000547579635202655,0.334073981559296,0.000587781908911695,0.0486518206762336,-8.54237431689245,0.0471748054695077,0.000000554260082565932,0.33552740374998,0.000581867628633269,0.0420684776858731,-8.67642372557709,0.0467585364320597,0.000000727426909250876,0.344018941004514,0.000538965033635618,0.0427051431982105
"75",-8.5400559758421,0.0476020407711506,0.000000625466487225408,0.337066324014339,0.000579097970726455,0.0409777228805296,-8.93837765898012,0.0537858437884156,0.000000383523059406712,0.329757030414473,0.000611605859072935,0.0471197827056882,-8.46318135047875,0.0472253833965041,0.000000456366055447644,0.335165170988102,0.000624108455010379,0.0405592879968436,-8.57664345604538,0.0454200235467261,0.000000691312573220565,0.344272697227423,0.000579463771583914,0.04165353265087
"76",-8.50931330662945,0.0465456647995969,0.000000597864884060136,0.340301690644308,0.000546729676378398,0.040577697417781,-8.97877767674351,0.0521368861235678,0.000000606516622217852,0.339518421085031,0.000575362972977167,0.0462689082117787,-8.49352075594746,0.0465264639287595,0.00000049691949665152,0.340739716855361,0.000588178505401214,0.0403715198830778,-8.67502724346989,0.0487033717225228,0.000000323556236400163,0.347559984634587,0.000562475094346013,0.0415251345050849
"77",-8.53946289318398,0.0473027043709276,0.000000551021652958262,0.340130437536859,0.00056646228250874,0.040895546654888,-8.88472740367973,0.0531893857978215,0.0000005379173991929,0.339387327500777,0.000576003589533361,0.0432591670667361,-8.42814797693293,0.0470530029630971,0.000000517246950628117,0.340273867843085,0.000590689041128713,0.0384304052525893,-8.57197064057516,0.0493414883071793,0.000000534410316803483,0.33644753935108,0.000552773247817135,0.040536849631416
"78",-8.58847669229364,0.0476621899715771,0.000000498891540819796,0.341740019779673,0.000561113902794232,0.0414551269271985,-9.05074118365064,0.0527712531464335,0.000000535858807576298,0.34213336995299,0.000581626061502202,0.0469324016561011,-8.58431492342369,0.0469961400216499,0.000000555156332426764,0.345236372511135,0.000575665853991797,0.0407554819961702,-8.66975786963411,0.0484268987078228,0.000000421229913011971,0.343210194396074,0.000624093849176128,0.0424300088472676
"79",-8.57892783351733,0.0471048128088285,0.000000606314015492675,0.339261957884375,0.000582109766005135,0.0419342102469089,-9.06383873818654,0.0538649910768912,0.000000451397865043352,0.329889706202838,0.000595403228453585,0.0497679343769179,-8.47323537949893,0.0466739022569703,0.000000472146850568896,0.33391643823102,0.000599267278825977,0.0416810367770799,-8.49457848906953,0.0445859402726237,0.000000647937113604013,0.339596702120335,0.000544560890235973,0.0422114160010654
"80",-8.5847078823719,0.0473437155622599,0.00000062591165638972,0.341970628741056,0.00057312111247239,0.041080388558751,-9.01620077377529,0.051736955850194,0.000000703971182692287,0.338297663093973,0.000583303951099775,0.0473187767278772,-8.63959124898652,0.0456862301260596,0.000000751885828922472,0.341432586330386,0.000578570962319191,0.043463916376084,-8.6132990534298,0.0475161429558152,0.000000662273450203921,0.342935861000233,0.000550953809640422,0.0410462817093098
"81",-8.62538697577531,0.0470997238572991,0.000000587504906898295,0.344205513978049,0.000594790358308393,0.0417465477355077,-9.17263747038499,0.0548395912836463,0.00000062547230658589,0.348285123389274,0.000574888187875059,0.0461242505516809,-8.74403889662747,0.0485451430247505,0.000000660113624006493,0.349426864749026,0.000606044362336224,0.0416623268893857,-8.78058328143834,0.0476574980208653,0.000000404201441573696,0.351856587986579,0.000600704875465794,0.0430520726011778
"82",-8.63924845737978,0.0479854112181001,0.000000669524287835167,0.343969113096638,0.000562463026765735,0.0410068415164783,-9.14386105922667,0.0542009227300271,0.000000614570951322571,0.348608335454434,0.000596791084547619,0.0459270474197259,-8.58955701301425,0.0477553118975025,0.000000593447716762772,0.342949636152721,0.000575742329836766,0.040669053054935,-8.76814659520773,0.0486539274949271,0.000000611311182400638,0.345256235116777,0.00056826790841631,0.0429544764859576
"83",-8.50517134416395,0.0468887021061492,0.000000625961827847358,0.335900914631395,0.000555260562750626,0.0412395455930408,-8.92302832215061,0.0525117972606636,0.000000570130270098353,0.329675955748066,0.000576980172666282,0.0472140414934475,-8.4873751945666,0.0466197657422233,0.00000060328809233043,0.333395760710375,0.000571713316325984,0.0417673314032882,-8.75745911838725,0.0501426583522054,0.000000535295911851965,0.345069381273166,0.000553470401862599,0.0420365060809485
"84",-8.59462633620135,0.0470471318498698,0.000000597662416953516,0.341608619368501,0.000540954195747011,0.0418886984642218,-9.10990400417982,0.0520166750463141,0.00000059638490800953,0.346686515299922,0.000519743129491667,0.0479178978518134,-8.61657532700259,0.0456716281546256,0.000000531762130033329,0.346658364927987,0.00054603232679794,0.0426958995559284,-8.78803887657904,0.0472677554119766,0.000000595280295640737,0.352749140006,0.000553724476886448,0.0429432459748962
"85",-8.52628424316369,0.0469399366723488,0.000000646445182322907,0.339554686254817,0.000571134526673229,0.0403905393487259,-9.10693179351018,0.0535041500100343,0.000000502681467005358,0.342438445233227,0.00063910877927541,0.0475773559580678,-8.63955199369709,0.0475751340458649,0.000000551062693603607,0.34128831200877,0.000622778626581109,0.0424721222089947,-8.50961214136342,0.0449874202352173,0.000000558335234160722,0.340735547557281,0.000580557838173268,0.0414778462705064
"86",-8.57935501296095,0.0470918813338897,0.000000567876309443407,0.343590933141452,0.000572348423469974,0.0410514817314378,-9.06691149422907,0.0531052967395511,0.00000047279987387545,0.344260846430202,0.000560078201453435,0.0469548778105654,-8.57197286541577,0.0471268295981887,0.000000536205744443425,0.343837335815244,0.000564980298455836,0.0409426655752335,-8.61059545714491,0.0465691154667493,0.000000456804941808796,0.348037791178934,0.000573403858916734,0.0411092097302676
"87",-8.54312657298035,0.0470614077524945,0.000000598968259311195,0.338702472256398,0.000551356375206984,0.0413334789475493,-9.04886180158873,0.0535401290386661,0.000000628174995470967,0.335954845771347,0.000577960502895705,0.0474289690908718,-8.50475685114793,0.047124451187939,0.000000576171243360159,0.337471194959202,0.000588851224576539,0.0407812392516016,-8.52232232162619,0.0479224258847438,0.000000401367679727013,0.333448425886049,0.000563437850382548,0.0416162852098925
"88",-8.52460282624105,0.047543217144367,0.000000609683651857819,0.336628287903114,0.000560791345164885,0.0408675674201722,-8.98072055139368,0.0541553770241478,0.000000520708787607368,0.333518642565465,0.000556093129682477,0.0462292480960511,-8.48727952336648,0.0474788056917939,0.000000640063034068182,0.331788999710111,0.000544319651663377,0.0409719225194202,-8.6774618264106,0.0493629226842953,0.000000871812053093129,0.342606796944718,0.000556416912096454,0.0400066036206451
"89",-8.49865759676651,0.0465634722185506,0.000000575669215876992,0.338661235017272,0.000587850717624805,0.0407782096283053,-8.98191635463279,0.0516700823145157,0.000000423461834668345,0.33931517343908,0.000584216274815688,0.0476937522445563,-8.4432345960229,0.0445398772519241,0.000000409662224173079,0.340024746809939,0.000569973824891758,0.0417696590342462,-8.47998990257109,0.0468034165978198,0.000000332656620975382,0.346670905490217,0.000593776575750797,0.0386719214466898
"90",-8.54988095958861,0.0468296672180002,0.000000636550921616335,0.340638606875271,0.000523802071802178,0.0411218423734085,-8.98878342419091,0.0534990106416695,0.000000677969795794728,0.340008148189909,0.000549383842068103,0.0448783225798985,-8.58608033898202,0.0479249000281539,0.000000703552483618859,0.340990298551301,0.000542768014965078,0.0405800951974081,-8.74078999781154,0.0480020577754564,0.000000664583994631739,0.349032307869247,0.000485190196675423,0.0420409381465824
"91",-8.58707133250499,0.0476030401162054,0.000000631279524816553,0.339685353169107,0.000550199842689766,0.0414300161200448,-9.15775920172679,0.0540629631140925,0.00000065052449565359,0.342935365033527,0.000571430403776582,0.0476536408296556,-8.6877223951222,0.0477580687411859,0.00000066311712422827,0.347332010993425,0.000568030433834114,0.0416140889519014,-8.63807223360525,0.0473374363232744,0.000000777628719847546,0.335111644728767,0.000584775261601942,0.0429032866918824
"92",-8.56477235414062,0.0468085670819067,0.000000646776122054369,0.341454555448967,0.000553198525012268,0.0411535827254327,-9.16473655063595,0.0524700820333275,0.000000705856232254504,0.347068219236266,0.000621047218122057,0.0479843049872578,-8.70432611156437,0.0474169197581434,0.000000773444632000461,0.342687350960589,0.000558309155338261,0.0429563731566043,-8.68420688755193,0.0489296911755219,0.000000461684855986149,0.342253253608544,0.00052057201920537,0.0420808218329858
"93",-8.57398078209764,0.0466455247970694,0.000000591536070289473,0.341552916956563,0.000585391625507107,0.0417662627690403,-9.2422628819523,0.0532394694581599,0.000000570616231640212,0.345226291180069,0.000677879352867391,0.0502133276246608,-8.81526124396719,0.0467021033423934,0.000000590648755749215,0.351400386284407,0.000634655934949833,0.0449822818979308,-8.62687745384725,0.0471745957213182,0.000000726533208030432,0.34388207968332,0.00056998255595758,0.0413196610725838
"94",-8.54137006414916,0.0470164916467923,0.000000615119532779422,0.339109393062762,0.000578581860610087,0.0411232636667905,-8.97620808326014,0.0523873987323602,0.000000715670434339141,0.337332604083948,0.000590562130680541,0.0458845531037882,-8.50890432242288,0.046174191016438,0.000000744584211685642,0.33732636260795,0.000566374852203859,0.0408437698586711,-8.61697281690879,0.0468177504963776,0.000000741180888739853,0.340562265360194,0.000584460275854246,0.0420099267662333
"95",-8.61866207344635,0.0469933386378092,0.000000709210127417156,0.342293288605224,0.000564635842345838,0.0417960965926887,-9.12348317183864,0.0543739799724871,0.000000448600812169072,0.339451317204751,0.000564564049827819,0.0485734136822299,-8.56909715689891,0.04711285889694,0.00000057302159244954,0.339816516095477,0.000548940592416363,0.0418205897944392,-8.6207689200073,0.0485183061430513,0.00000072122878608489,0.333771739722105,0.000597082781195053,0.0425415364088927
"96",-8.53308300649348,0.0461778415562416,0.000000631694513965321,0.341258308094768,0.000561814937387932,0.0410937059063249,-8.98527564181175,0.0525827684209028,0.000000567211528058782,0.336256839788148,0.00056838150999043,0.0470257754696188,-8.56762201676345,0.0467861897710539,0.000000719607469755595,0.336914273911808,0.000581195223319484,0.0419109791175019,-8.66432510436313,0.0455273708655289,0.000000602685759640539,0.350497048834619,0.000569309540657261,0.0423371673554558
"97",-8.53996223367447,0.0466266113694353,0.000000646937068459366,0.341652882250089,0.000559931900968658,0.0406514511229837,-8.95759897038338,0.0531915771612001,0.000000496234624148875,0.340211689189834,0.00052911999449054,0.045240841405569,-8.49532124888627,0.0472335095165563,0.000000539431144096606,0.342107595599275,0.000562470502866017,0.0393585508745323,-8.65427749891502,0.0474085350458869,0.000000691225466653491,0.345155529747873,0.00057272249600536,0.0410470786194497
"98",-8.61162467410036,0.046924728260403,0.00000073680724994707,0.343233309383583,0.000562803864137758,0.0411949188578792,-9.28095842317235,0.0542538418736123,0.000000705561045020132,0.347409283415253,0.000548474662893572,0.0490967669812545,-8.84525328864595,0.0492469039820052,0.000000713017184808198,0.350618569615406,0.000545943832422004,0.0429155606544855,-8.5123466173528,0.046599761716196,0.000000745006553821017,0.334584565280529,0.000569464805278232,0.0411533252717929
"99",-8.52936286039711,0.0459624234440703,0.000000575497321914385,0.34194859852695,0.000569609044000777,0.0413261823466876,-8.95169643204706,0.0522385826959466,0.000000580978606844379,0.339775286024738,0.000605780877682151,0.0455892102821077,-8.48520955579029,0.0463709926860553,0.000000630004661231126,0.343245272608957,0.000625159700868805,0.0391648048983385,-8.60264370136944,0.0450650238351236,0.000000684363044212618,0.345387547783722,0.000601323338588822,0.0421025989259197
"100",-8.57741434546515,0.0468454051137469,0.000000649298983476424,0.33545266431294,0.000566671754592798,0.0428647045793298,-9.00022293094107,0.0524066054003758,0.000000589205902890213,0.335143368985292,0.000595945677680688,0.0476116276353679,-8.51649336488055,0.0472585309764159,0.000000637008414161042,0.337149383770751,0.00058347706691592,0.040599339170677,-8.71260049849774,0.0476365382573916,0.000000730341042249541,0.33815674872085,0.00051667162262719,0.0445258963766031
