"","intercept_logit","age_logit","fnlwgt_logit","education_num_logit","capital_loss_logit","hours_per_week_logit","intercept_cc","age_cc","fnlwgt_cc","education_num_cc","capital_loss_cc","hours_per_week_cc","intercept_wcc","age_wcc","fnlwgt_wcc","education_num_wcc","capital_loss_wcc","hours_per_week_wcc","intercept_lcc","age_lcc","fnlwgt_lcc","education_num_lcc","capital_loss_lcc","hours_per_week_lcc"
"1",-8.50791807631074,0.04661542629083,0.000000554296988838307,0.339870666783345,0.00052867270985231,0.0408235996062823,-8.9015116630677,0.0502107607337207,0.000000499602671083872,0.34402857480306,0.000571001674914879,0.0455890632361926,-8.40342237093747,0.0443766734716893,0.000000551950987688171,0.341994586222038,0.000556157444311505,0.0398913953813505,-8.40605642192781,0.0433091369311297,0.000000217104529468846,0.346500229557506,0.000562288227961758,0.0414101947697429
"2",-8.47254681850459,0.0457887827554227,0.000000274617389921527,0.330703625616995,0.000593780396716357,0.0445757208174925,-8.69766523817576,0.0500866219568716,0.000000232257989321177,0.314825910842889,0.000697639960238486,0.0493094402307864,-8.18616786771936,0.0440324242938796,0.00000024284404228493,0.311799307197519,0.000683985133038928,0.0439065356095409,-8.45149890561114,0.0473231552742032,0.000000269001508862539,0.322720363819355,0.000490732508359345,0.0440174603133552
"3",-8.54483931680934,0.0463493260235493,0.000000520879309413507,0.348686053213268,0.000581432626636765,0.0397831318130952,-8.89507929443674,0.0513220380554681,0.000000554224306725822,0.356210661873199,0.000535630812773806,0.0410636697771693,-8.45034719955109,0.0456850261676942,0.0000006906997674681,0.360272762529157,0.000522616026075811,0.0345639890482654,-8.48979090251025,0.0478756760220252,-0.000000158373373286202,0.348329899226082,0.000632553690638094,0.0397909402754428
"4",-8.42686810875849,0.0458876975975213,0.000000559083394852727,0.335650375169196,0.000602770576375405,0.0404896706507149,-8.94105154589655,0.0521190577317131,0.000000540060506401615,0.338959312608265,0.00066690964226893,0.0460311441145992,-8.44176442812959,0.0460238797041688,0.000000591111168266085,0.338859281825766,0.000674638044219664,0.0399830334219787,-8.55376581975745,0.0461334629874099,0.00000052925800120805,0.342607275189126,0.000553799481854547,0.0413317940011383
"5",-8.53338644806303,0.0471708054227519,0.000000630659462254182,0.334980860460566,0.000619123265384315,0.0415060804655561,-9.01232562974481,0.0525693178119632,0.000000597901159252411,0.335448991248573,0.000563940141438463,0.0474884205364203,-8.56372017284152,0.0470421154554565,0.000000619082746935053,0.337026960158404,0.0005508769709097,0.0418991411833818,-8.81020274901333,0.0485554258247082,0.000000629817321069001,0.345616638228492,0.000601816895461213,0.0432275145535838
"6",-8.49103201788513,0.0469528675054035,0.000000649674773342027,0.333969882566158,0.000584739758382442,0.0413741558971572,-8.90407964805051,0.0535888572415582,0.000000788050642229744,0.331003677902941,0.000634631509309796,0.044613272502396,-8.4364879771902,0.0478172658502349,0.000000790234865639573,0.332937984803033,0.000633946321866733,0.0387145856562937,-8.69844614155283,0.0469230098845879,0.00000110004488676285,0.334305405833438,0.000598941885673847,0.0436212038903641
"7",-8.7221695842284,0.0463534333905997,0.000000437401502123248,0.350468578263885,0.00056427583001054,0.0436197755603175,-9.14389295522593,0.0541772652786345,0.000000529998611258729,0.343272525672546,0.000549759273644266,0.0472589508986226,-8.60617074880573,0.048578310433262,0.00000055905182231998,0.341008168225652,0.000560337972946899,0.0405129091051993,-8.90627142708591,0.0481532080843334,0.000000489351069072098,0.352889315857332,0.00060835754086658,0.0441153685650282
"8",-8.4964878236305,0.046202613659421,0.000000467134666889836,0.335438659818049,0.000576313933642115,0.0421508372970976,-8.98993541907129,0.0563124130527973,0.00000060040978209269,0.324747919976433,0.000585475424740767,0.0461631997682573,-8.41902254350868,0.0492445893597708,0.000000648862698859795,0.324176338132289,0.000576006111769296,0.0395416945425673,-8.52065257557473,0.041343042411693,0.000000803301584172326,0.345425319308469,0.000526196485031579,0.042992749901704
"9",-8.47571285426348,0.0477756312286683,0.000000555499988158462,0.329041188013111,0.000568993484691111,0.0416571147981737,-8.97453057118881,0.0529868910575816,0.000000483397437999859,0.330273020204238,0.00056966998978111,0.0484769881008942,-8.4392072510702,0.0466599877135156,0.00000052560134628049,0.329518585747992,0.000570464636412105,0.0420852353874353,-8.29884963498202,0.0452710393960981,0.000000345418961566536,0.32328599611939,0.000556414222501902,0.0420491316059669
"10",-8.65002703802839,0.0471650123323225,0.000000578478365347127,0.354097583203675,0.000556950991719058,0.0399624796534672,-9.26309616174098,0.0550839987785034,0.000000570374652200199,0.358555886600582,0.00051945757972964,0.0459751536267383,-8.78658517515541,0.048497774996603,0.000000641372604323291,0.361538631893841,0.000513032996383183,0.0400910417916969,-8.70987116825795,0.0454975418232344,0.000000260080376693293,0.34941706539546,0.000576012628788998,0.0448988191790566
"11",-8.54613326460613,0.0477049867300161,0.00000044150711826492,0.342471233756243,0.000551406883254243,0.0406799019036928,-9.00568301665703,0.0551062564657006,0.000000488661320618827,0.341532495332962,0.000564185639534117,0.0442121649343204,-8.52912842345282,0.0493861876603138,0.000000587433976594219,0.339746992868465,0.000552762538880965,0.0385962838565742,-8.739210779601,0.0485784897833085,0.000000387029700787468,0.348150466951727,0.00050342758428709,0.0421112486413413
"12",-8.49293506067894,0.0477275826242238,0.000000369781872794549,0.335610417029248,0.000565515562775363,0.0413448501367915,-8.88655653682221,0.0540812322874779,0.0000000177840364674006,0.328282222542556,0.000596021759211584,0.047590875425518,-8.40446323759469,0.0479544434923611,0.0000000844010550088112,0.328788898691821,0.000611635318443728,0.0417572040216738,-8.41398265231077,0.0464907357713536,0.000000348925878478028,0.330907266859438,0.0005653910246507,0.0412315851893163
"13",-8.4077014726941,0.0459672231691342,0.000000408021663377126,0.339887756448706,0.000517222403315792,0.0399450653263835,-8.68439962871703,0.0507152018367442,0.000000390845653209926,0.334408492112247,0.000517191923526081,0.043018146375917,-8.20500750737308,0.0449065686018777,0.000000505171752422198,0.337086482998121,0.000530173846965708,0.0361868640073164,-8.32039366214713,0.0446477311886891,0.000000539747126476646,0.326899609117506,0.000600849068568579,0.0407402586586465
"14",-8.42165595443796,0.0455970811075023,0.000000402619932550391,0.335367564881347,0.000563955766922514,0.0416998033751468,-9.16003599222948,0.0531236419020796,0.000000588930635491939,0.335518492863984,0.000570856983071412,0.0509498971009761,-8.66507819742269,0.0467083628702527,0.000000618384412734986,0.334151918762463,0.00055354992493582,0.0458138420529943,-8.49351302777554,0.043914672456011,0.000000329914031681652,0.337951113751646,0.000578993894624377,0.0437708991414505
"15",-8.48800441751792,0.0489591210945191,0.000000510621328882753,0.329981924502267,0.00053809789687384,0.0409406322123407,-8.99527369402674,0.0546675837269937,0.000000621256595765861,0.33971578281334,0.00055910090991984,0.0443685557271971,-8.57690925275619,0.0491369565756221,0.000000660092946487008,0.343010545370272,0.000546393728809835,0.0389575447667328,-8.50448119830816,0.0506336736321381,0.000000662596700400125,0.329279992503927,0.000608068261590081,0.0386839015264027
"16",-8.41530786940608,0.0450860780841797,0.000000437549293298887,0.339428610388033,0.000555585036512328,0.0407210959618992,-8.75751570606919,0.0503175720692664,0.000000646718824608825,0.323745898981468,0.000533312213674872,0.0466187735616491,-8.27908877065756,0.0441963469642252,0.00000069670762696625,0.32658529885047,0.000539757629322474,0.0403514924880246,-8.20822987047742,0.0454645634476256,0.000000230212621952766,0.324606253933674,0.000595210216533974,0.0398116373654583
"17",-8.58114175193632,0.0480008456681524,0.000000835541464572074,0.33914696988583,0.000542346049834006,0.0401868139907209,-8.98167138176655,0.0539253791657892,0.000000705318326150093,0.337343495824915,0.000595827709923443,0.0448655637063411,-8.54137783612015,0.0478064507913162,0.000000769454217898388,0.338068259806709,0.000601935467529609,0.0400129508583327,-8.60838767638715,0.0476052161980056,0.00000097424446732506,0.347804662647152,0.000593781970295236,0.038719150321572
"18",-8.39963541572902,0.0462300311845833,0.000000770360630682822,0.331131618396526,0.000569558798335719,0.0400988544898581,-8.80025478112112,0.0511167045977529,0.000000751314626955668,0.329621457294273,0.000547707540203875,0.0451116493314419,-8.31690029065372,0.0449147739308643,0.000000827572483361827,0.330126610929319,0.000548032377816262,0.0393321900271669,-8.40415361875805,0.047139314978698,0.000000539253211831555,0.32550049915446,0.000540864409250268,0.0413709427914777
"19",-8.5591503268098,0.0472691015652955,0.000000603000472933337,0.336249376526154,0.000612347844662191,0.0417873414211901,-9.04608514012905,0.0531641384942617,0.000000538823703176771,0.33310120463434,0.000574689237645683,0.048547449576354,-8.62238458240384,0.0476032571071541,0.000000535099079081197,0.33826186997369,0.000591685631537663,0.0426821792202882,-8.41132802233183,0.0474507403868548,0.000000276322936766699,0.322141059844223,0.000637616346349529,0.0429920630835562
"20",-8.77026864221222,0.04880950805765,0.000000517704765209834,0.349428973016851,0.000596078681808989,0.0422969572825788,-9.13049225450282,0.0553523908571014,0.000000329438332719104,0.357664571418626,0.000576555404761291,0.0432343498820801,-8.64685122625708,0.0495825112549308,0.000000288821073472414,0.361011145062012,0.000571925413893415,0.0368499545529263,-8.41897600324597,0.04638851695386,0.0000000969263665398416,0.333288664412797,0.000618884454391009,0.0411894497047283
"21",-8.4772546029731,0.0484290219626457,0.000000806912639060158,0.330285330712754,0.000586236950768749,0.0394949606951275,-8.81288879811858,0.0526960069624714,0.000000684976733716672,0.317916800453428,0.000588708003451042,0.0466899182312608,-8.35734893874001,0.0471521494082831,0.000000735298998734105,0.316329359894746,0.000591013427564686,0.0415663006937173,-8.37910959292237,0.0494589090035189,0.00000104610855402014,0.327011602290296,0.000569697792186429,0.0352856778771854
"22",-8.5951051454204,0.0467190783558228,0.000000604661379858637,0.343300380700317,0.000570449536212279,0.0416900101500973,-9.2487851915612,0.0537542508158138,0.000000516571386714657,0.346633653868898,0.000564764355854698,0.0497710849958962,-8.81988430399285,0.0479110467239569,0.000000519350419390143,0.347789433955937,0.000567523600163849,0.0450043597726648,-8.66683683267041,0.0464133470166594,0.000000629128687043803,0.348935071834252,0.000621360110753097,0.0416301316846583
"23",-8.57477623025478,0.0474730341176245,0.000000540208970799402,0.338154736487278,0.000607048358645636,0.0416715026261416,-9.18042262735501,0.0569528760702469,0.000000701799080156246,0.339446600593596,0.000589861097532666,0.0457849729598503,-8.67904922186052,0.0508877290961445,0.000000663516883877574,0.336973118819221,0.000599811033718375,0.0406793967295952,-8.62819673620152,0.0491305935540938,0.000000356593183554224,0.330530062285903,0.000648018398904257,0.0430823932248182
"24",-8.7409990017106,0.0469276730831354,0.0000004154408665349,0.355520782255938,0.000572563005373919,0.0424528432306038,-9.12817973331001,0.04885463858026,0.000000325514723930945,0.35658412527887,0.000539975092243499,0.0496879226815391,-8.64247035753569,0.0428353684989652,0.000000358731576314205,0.356705126667219,0.000532989195717617,0.0439953188982631,-8.99017461459246,0.0497592634173162,0.000000587074111505094,0.360940307391436,0.000539581573173579,0.0432831469778545
"25",-8.50475194017775,0.0457269441947107,0.000000501196907383702,0.342841327594956,0.000583890703142072,0.0409380063210469,-8.80186460983843,0.053028036288977,0.000000250569686870825,0.343234895274292,0.000605525360437699,0.0418267294327223,-8.32935609289816,0.0476594130325725,0.000000201540943130331,0.344712499193708,0.000599522458213823,0.0358245346697491,-8.34579124594236,0.042888291197591,0.000000282583043483561,0.343177631862986,0.000569803383793559,0.0404983309900947
"26",-8.45514589366323,0.0464817755926187,0.000000668354755015502,0.332040097726442,0.000532541274990303,0.041275188122765,-8.80975986308232,0.0509112808164729,0.000000664382034825671,0.333299200791516,0.000533669259678295,0.0445983046613519,-8.39141160552769,0.0452930562248236,0.000000735632389595425,0.338694104648239,0.000527167433372634,0.0385807982103245,-8.57345494929297,0.0479545791603049,0.00000098650682777152,0.330213244375402,0.000584446707656424,0.0410199099972296
"27",-8.52387215971421,0.0478497243561019,0.000000691927863554754,0.33048617325284,0.000551391342355569,0.0418571657470102,-8.95041634870892,0.0561376282070218,0.000000598503739197003,0.31935687266198,0.000454494218140227,0.0473453325526537,-8.38350488016414,0.0497038506132162,0.000000634585717944917,0.313702747281259,0.000444894670079717,0.0415259158325977,-8.39576157472464,0.0468348801293549,0.000000427793252190076,0.329641701187554,0.000545343392626423,0.0407969005825714
"28",-8.58212187117186,0.0487189659596148,0.000000592915007327171,0.329958566943719,0.00051366066215147,0.0430804633861314,-9.24219894214611,0.0572454972305793,0.000000543411535553076,0.329484409455547,0.000566541761676666,0.0507382874873581,-8.78610983460325,0.0512917163245056,0.000000665114356137252,0.329168163704514,0.000586657056103324,0.0452934514042981,-8.37688289888243,0.0503030335974166,0.000000515271823227258,0.31395314847193,0.000556238121795903,0.0405657607568854
"29",-8.36776083963535,0.0466808645395193,0.000000368234191018813,0.331170068130362,0.000549353936712632,0.0405693220483953,-8.84156561000141,0.0515110061755105,0.000000473751832371508,0.322096577826137,0.000570638261945351,0.0484885347324229,-8.39719208444605,0.0454261807448073,0.000000532561038254234,0.325125722685752,0.00057012528095379,0.0429458981330844,-8.34873076656303,0.047169541193899,0.000000193749636199655,0.330104864411276,0.000519546627490209,0.0398402330529602
"30",-8.61600093060109,0.0474592354922574,0.000000592243506578522,0.348746431741289,0.000609598226007597,0.0399353174885799,-9.13228107086623,0.0562660636866944,0.000000571929245630313,0.343930237997721,0.000589495794165594,0.0450289096598908,-8.71697528242401,0.0505156761126646,0.000000623639757593642,0.344333943522925,0.000596310881492751,0.0404403228668383,-8.66330339816365,0.0463402766688177,0.000000374233866511391,0.354819176152507,0.000642165681945172,0.0408900077013462
"31",-8.50370698332079,0.045891910270582,0.000000788620607482439,0.34351718560606,0.000564712223815036,0.039728556681958,-8.87431979739661,0.0516541331287322,0.000000715078665780809,0.345729838837904,0.000565392570413279,0.0426150051232048,-8.36155832433565,0.0449743900881652,0.000000808475842117228,0.346679307202139,0.000571162457832887,0.0364333687138424,-8.31547623377996,0.0438593270891705,0.000000903101228314077,0.333960251071729,0.000556709544942264,0.0389601555403354
"32",-8.58270393528817,0.0446444102965617,0.000000515831464048386,0.345189074487394,0.000582968476816891,0.0432205425737301,-9.03325151421236,0.0513551334243271,0.000000477212110506941,0.351786009937209,0.000530720570951543,0.0458356756500242,-8.63956005860672,0.0465999853275312,0.000000547950731397355,0.353905642041866,0.00054035865713334,0.0403400009656468,-8.53788833226502,0.045211857296724,0.000000633772799698533,0.335361227567215,0.000568977875816675,0.0431318482613133
"33",-8.52817380505122,0.0472663529182346,0.00000075968512956667,0.336218960088713,0.000576564041280258,0.040565533089507,-8.81041789728904,0.0517814111780812,0.000000721665980961998,0.325924029230223,0.000638083517252882,0.0451530457124956,-8.30375302655356,0.0450081153041492,0.000000847086597838377,0.326139494240688,0.000633794594900843,0.039258606542151,-8.48952556877426,0.0470254371824525,0.000000589135416885762,0.336045379522653,0.000636944992445197,0.0404346670111104
"34",-8.69260308643653,0.048410616981405,0.000000690563157346438,0.345192999756911,0.000564372156791609,0.0413663021950411,-9.33123925205164,0.0539584669486736,0.000000730112143684776,0.35970765971115,0.00060646138320088,0.0470916213267666,-8.91248177837342,0.0481220137025588,0.000000803313933584767,0.361514223224506,0.000589444702567255,0.0421927798848437,-8.69026492442385,0.0482099468231848,0.000000807781523370271,0.342930889278795,0.000558430916598829,0.0417137919064589
"35",-8.54112698118553,0.0456220686535932,0.000000882016089379277,0.343121738268133,0.000578419217506309,0.040233865948324,-8.91144248479911,0.0515298312928519,0.000000818810226580705,0.334483233101846,0.000614412872644762,0.0455115525588035,-8.39671774038968,0.0456537744121162,0.000000864731181524917,0.332638621357994,0.000604060525145129,0.0394220912708149,-8.63225182994956,0.0448864942848171,0.000000756023497900123,0.351725689343393,0.000666878890974695,0.0410532466850978
"36",-8.62657758997495,0.0469971346531235,0.000000607405450554546,0.343854778247509,0.000586193562212031,0.0418960281788921,-8.83756688610967,0.0515311811558587,0.000000650544727100484,0.333943389576895,0.000591777052024763,0.0445350317458352,-8.30853340807121,0.0452511736576322,0.000000689247784669106,0.331930902719432,0.000582699403899742,0.0386007980535595,-8.4888435687614,0.045571763862999,0.000000327883506700313,0.336737277876711,0.000634470989757672,0.0423947903531189
"37",-8.30323496541441,0.0456913494904169,0.000000504193388551623,0.323516565609332,0.000580095556914856,0.0411759797157503,-8.92371293440012,0.0518510945043964,0.000000685458103010849,0.337179058397341,0.000626086226302134,0.0456285369711345,-8.45360948185744,0.0460374306106101,0.000000768489082714513,0.338413429272791,0.000619925411585867,0.0395874281495217,-8.17454862491356,0.0465138004595866,0.000000319351955460323,0.31287101292044,0.000623033127771346,0.0403211002364483
"38",-8.44063186728009,0.0457438488241073,0.000000369614330684691,0.346619530230359,0.000482371563028408,0.0395116010841877,-9.07066213951163,0.0518559260443822,0.000000338558391365664,0.347688693799968,0.000482652826128946,0.0483844751950676,-8.69362372198536,0.0460625731366136,0.000000399524612036771,0.351228182005296,0.000470269544476968,0.0439842199280841,-8.63256172216103,0.0458890326302102,0.000000120403135144237,0.355727177654679,0.000506939644640664,0.0411926065943101
"39",-8.87610886880339,0.0482290874875046,0.000000818306169921581,0.352429553574259,0.000583965700469218,0.043401391184738,-9.51523656326464,0.0562794380752897,0.000000809031636389812,0.349384287989528,0.000677149130448586,0.0513584263548432,-9.04461350148438,0.0500918304026475,0.000000970005622092728,0.347407005626269,0.000675964882518853,0.0460769612485455,-8.7507021978453,0.0455161142218825,0.00000079988648958412,0.356502252532368,0.000616539524878595,0.0418695179332888
"40",-8.69965149258138,0.0478055826005785,0.000000654766386919407,0.344709648557898,0.000546769999534882,0.0426514396040742,-9.04805467361576,0.0535267891503073,0.000000654549321464034,0.332528627590648,0.000545502253968271,0.0481851496569468,-8.53820251698788,0.0473287268906812,0.000000721674969785238,0.333812380206231,0.000535933898142223,0.0416573881368117,-8.80713339962351,0.0487984613003918,0.000000958533676016769,0.33950211710765,0.000594690523641877,0.0432104796610192
"41",-8.47669690856049,0.0469735496695587,0.000000385483090470096,0.326393092539624,0.000533176096292987,0.0439079566632437,-8.92843808545422,0.0566599562777941,0.000000405290565676539,0.317591380015375,0.00051030491512569,0.0473172352603061,-8.45156673482331,0.0505819103053746,0.000000458706541356362,0.316338513217377,0.000495376345338621,0.0421192077012418,-8.69438559609637,0.0486337456183019,0.000000584145323761126,0.32895865353701,0.000510123442391253,0.0450909821143612
"42",-8.64941126352461,0.0467321473249239,0.000000731830308017644,0.348225205818999,0.0005421236984007,0.0408939642245288,-9.07542169410481,0.0543565037478725,0.00000085771946809248,0.343461190899679,0.0004612810888161,0.0442199653929711,-8.66518432263311,0.0485403640979269,0.000000968472827398114,0.346669277224826,0.000431383591108116,0.0390331864075511,-8.44431874605938,0.0464588729934714,0.00000066981446833325,0.342073479937968,0.000493129106253072,0.0382240025718936
"43",-8.57088742924148,0.0469813844386871,0.000000565594134832699,0.352549992973343,0.000576303963606199,0.0386131879158688,-9.10047847410438,0.053281530903088,0.000000613252698081361,0.353534707119182,0.000613143114120608,0.0445493249142974,-8.61250382647351,0.0466306579499876,0.000000653449307944404,0.358070942720472,0.000608978883603983,0.0382228084910016,-8.65176094542518,0.0464281447116129,0.00000091120281712097,0.35998299059814,0.0005476596096527,0.03789644646245
"44",-8.62007862299951,0.0471457070351006,0.000000519260347220494,0.337141206815354,0.000576932540165153,0.043987818635926,-9.10150123135667,0.0546133213077945,0.000000253251281367249,0.338169531353738,0.000569070306131944,0.0490591862055745,-8.61254252159429,0.048218848977379,0.00000033984432619084,0.34005758379662,0.000562257056783875,0.042928238284632,-8.69349163222673,0.0460527107038224,0.000000626431509167043,0.346783816232608,0.000610615848243511,0.0436887959782415
"45",-8.58018962905705,0.0466113735030862,0.00000072671291353401,0.343540344662667,0.000547779425219787,0.0406125648694638,-8.98015664019386,0.0507411348921568,0.000000701706158576755,0.340600873318453,0.000589882112437781,0.0466213810083333,-8.44877886322744,0.0444263572304683,0.000000721260653092925,0.339002328889226,0.000574696728012845,0.040667231315346,-8.55384729388589,0.0477542901368534,0.00000107751402644583,0.32678739762968,0.00054056857031803,0.0407831063289025
"46",-8.55459532790235,0.0475471611308795,0.000000445712897102889,0.345155819590284,0.000499337072903438,0.0405027330089022,-9.15885579765296,0.0538481241737633,0.000000253945135630901,0.349346996037651,0.00048585007415508,0.0485383175383461,-8.73925444839235,0.0478319692896934,0.000000307161726976137,0.353238984989318,0.000496218864052176,0.0432848469602903,-8.58093451602708,0.0457438483916547,0.000000704362898156036,0.343849803128223,0.000491363958032556,0.0415893822508664
"47",-8.48823731041802,0.04718182875918,0.000000657618390078487,0.337258893257912,0.000601841741224315,0.0401604613893032,-8.82965806338917,0.050667113772517,0.000000553543346639439,0.333913020370792,0.000605813409800441,0.0458724844053387,-8.35405603673399,0.0449081433162539,0.000000562267419913925,0.332827123510078,0.000590635649090581,0.0405584376804903,-8.18366281902611,0.0445781108320656,0.000000627987344009497,0.330817562676762,0.000597441937944655,0.0373507302104293
"48",-8.78074020186921,0.0516273008197668,0.000000556645342456809,0.345158458539997,0.000537009916859001,0.0411144463874039,-9.06481500919645,0.0554185027789667,0.000000510937360193584,0.337873280487136,0.000570287770060217,0.0457538179921904,-8.59759509250332,0.0492942024753819,0.000000559635393685025,0.338483172802484,0.000548638332394002,0.0404291682714158,-8.49652561256456,0.0496221697621536,0.000000403778305210924,0.335344953878862,0.000518230788762684,0.0394675782814533
"49",-8.39940372187573,0.0447438460019101,0.000000583148654527934,0.331866467949297,0.000566077911578627,0.041955133867842,-8.85980645809042,0.0482513207690955,0.000000663733351705392,0.334008195460998,0.000646778987648261,0.0482497003450356,-8.38472425643244,0.0427131015622957,0.000000765439636052034,0.33347377063774,0.000653220881036363,0.0421674091329315,-8.3143596181074,0.0426477986007136,0.000000456400409074748,0.338018181888287,0.000685484529974966,0.0403064285326265
"50",-8.63718900824416,0.046732072009891,0.000000490225323913379,0.343432372488614,0.000534608534945547,0.0430811571488473,-9.08197527037809,0.0524896661585321,0.000000631394271978223,0.344892533003954,0.000493917118218941,0.0469781593429049,-8.68853917796569,0.0477632198971625,0.000000760121067775331,0.348187782893443,0.000495865890801694,0.0409640088136434,-8.57171321122786,0.0465274339309783,0.000000210155897813908,0.348766452153944,0.000569983470325947,0.0413854062642752
"51",-8.7221103640538,0.0468546160725847,0.000000709455066795183,0.349421059172214,0.000592976744243128,0.0425789053952383,-9.10593875446557,0.0512179374955617,0.000000545999624188443,0.346630289518518,0.000673740515590222,0.0485721940548588,-8.67595846063124,0.0459251838191875,0.000000551239545068509,0.351398133372846,0.000681901562700679,0.0423370635645206,-8.53669946884896,0.0448926151904744,0.00000035903382547569,0.341308708101148,0.000512966043122548,0.0437336131521623
"52",-8.41026741984478,0.0474029533259275,0.000000373940850069605,0.342523925047404,0.000546082056464077,0.0380261049488823,-9.05938393486987,0.0567838665058556,0.000000590655718907795,0.338988015635834,0.000576180331513841,0.0442038646406142,-8.54657510642746,0.0498483389353128,0.000000612722661605184,0.336846728550722,0.000555470532714166,0.0393496470337165,-8.44962810566773,0.0477249722301633,0.000000448779472675284,0.338833377605064,0.00056667173688645,0.0386273604093498
"53",-8.34302440283631,0.0459638655900425,0.000000435702826591281,0.324792647494531,0.00053090327244748,0.0418941228456777,-8.61185086110695,0.0500055539534534,0.00000034201305061664,0.31803994618022,0.000530261070867066,0.0463683030965962,-8.071531854028,0.0437386878417378,0.000000344052072796518,0.31809045263651,0.000519022126345987,0.0397697050531748,-8.10952427331005,0.0468535979708198,0.000000627031499358607,0.305909367014485,0.000604426861325757,0.0387587935736454
"54",-8.60665025254435,0.0472423106487461,0.00000053912223995581,0.341830566660629,0.000593404540155565,0.0420164123530741,-9.06869066069048,0.0541597376407064,0.00000036005083331691,0.336621033667969,0.000614054639833514,0.0483389976974998,-8.52610015553479,0.0475752185910058,0.000000445422631930883,0.336992428497711,0.000611760215391312,0.0414922894778934,-8.75638310194496,0.0483977869145499,0.000000687616658624078,0.341448281125753,0.000623374862609331,0.0431360525527083
"55",-8.44804000453999,0.0485085289057812,0.000000557569693713122,0.335326616571839,0.000544119831495869,0.0385602649592236,-9.07378249165735,0.0577107191927885,0.00000051623148342953,0.340918868217876,0.000554888308784993,0.043657748473442,-8.57208558140837,0.0511845206460619,0.000000589303199249195,0.343584868099114,0.000570818292069095,0.037214230881016,-8.70241758953505,0.0498796558107188,0.000000757009286592359,0.337619290928936,0.000469020480966684,0.0410820030160408
"56",-8.68233122607731,0.0476137156183493,0.000000719673395590819,0.343257483771705,0.00061171263297716,0.0421220017557878,-9.11408017538474,0.0536739689359747,0.00000064072821277502,0.347707534272779,0.000604854399428077,0.0457547100647219,-8.67284905176518,0.0475893456427117,0.000000754082452886581,0.34893676836208,0.000595998937492564,0.0405298390646721,-8.81689810656893,0.0501004904554626,0.000000884355898215784,0.344710671780873,0.000631486590382433,0.0416960043000313
"57",-8.47722533313232,0.0477424432876573,0.000000486780880233852,0.332585193421507,0.000567086120564464,0.0412739488745272,-8.95162342112691,0.0551534297322081,0.000000258316664450686,0.328490293252314,0.000596105263467906,0.0470691137266008,-8.55315128903845,0.0496548861690034,0.000000348247892510753,0.329005401726131,0.000584915346849162,0.0425204059869289,-8.32040350258649,0.0473478829721342,0.000000410745947485552,0.330329783358685,0.000610292741990566,0.0385327786463686
"58",-8.43354383808594,0.0464146266656452,0.000000358479089377166,0.333798541541155,0.000566507959996881,0.0417636586157984,-8.8999004085635,0.0521028064177824,0.000000141159130163117,0.333076127971604,0.000565587767517322,0.0482988026077802,-8.47384738393364,0.0464143914655383,0.000000143375405635814,0.339026688996281,0.000578741242044599,0.0422702041712911,-8.54724127954314,0.0450074204040901,0.000000575007581025555,0.344836338417927,0.000521216700367606,0.0421633609532664
"59",-8.35765440017884,0.0459111720004697,0.000000343681755216728,0.33699426423721,0.000576522656716102,0.0399356399371459,-8.6815312080847,0.0512590649000656,0.000000149849960071404,0.335907809940939,0.000599770922795704,0.0433505127649634,-8.17073346487094,0.0447194686880058,0.000000249619256991364,0.334798313026973,0.000619995148580989,0.0374762757121059,-8.39929088946353,0.04528594125208,0.000000213486011231119,0.341265683751065,0.000638549052170948,0.0403533853283445
"60",-8.60117119112321,0.0457039805597351,0.000000421377346576348,0.34627192178818,0.000490059295230122,0.0429745959420906,-8.85979735504923,0.0499040948180495,0.000000356164800053245,0.337017721388514,0.000617397761466422,0.0470473538433028,-8.40815460500242,0.0448297803611396,0.000000359928499669804,0.339609472890781,0.000614907874518405,0.0407498111161015,-8.54923600564645,0.0450239281147627,0.000000343997480833809,0.346831085034019,0.000471034896526835,0.0420614097835841
"61",-8.5862652361144,0.0472366989497518,0.000000604763891955859,0.333364390404048,0.000582934392334529,0.0433990246710724,-9.26674363645881,0.0557900087023225,0.000000778375853161109,0.338762967478186,0.00057216991246035,0.0494280832110729,-8.76893202252866,0.0486343754354544,0.000000788811854152779,0.342355730360155,0.000554840157849355,0.0437282115795623,-8.57746329119676,0.044044550733169,0.000000728070335384185,0.337248686977371,0.000561122583795595,0.0441337209608681
"62",-8.48699664217493,0.0476269879410227,0.00000047432865463111,0.337254861921908,0.000575742095385376,0.040371271728817,-9.00699842229985,0.0553336049792032,0.000000430798099685976,0.329996640710972,0.000515715693461454,0.0471468080661414,-8.61229190470942,0.0496800707761374,0.000000521485827848709,0.335181237298221,0.000498880228259126,0.0417052825554041,-8.32568585407562,0.0441120462777493,0.000000620702960763713,0.335848983929204,0.000594203468414952,0.0392703950041022
"63",-8.52866458225953,0.0475769376505773,0.000000517912256682679,0.3404913299963,0.000525250109554971,0.0404973205678871,-9.00766858845616,0.0535353654352513,0.000000411428226703669,0.346402712133504,0.000619055087939745,0.0450806606229762,-8.52760540441575,0.0476438968736743,0.000000493232695634308,0.346776737856252,0.000612628650959383,0.0390947993308642,-8.4561844827483,0.0457338535222639,0.000000541495323295198,0.342289319263904,0.000523229268693827,0.0399811728074428
"64",-8.66344711695606,0.046515900174702,0.000000515844203731828,0.342166439676137,0.000589388722806331,0.043747428307342,-9.1273174252693,0.0495446546896831,0.000000545638596050959,0.340890077094283,0.000547640441110649,0.0519069920060176,-8.67929345857121,0.0437067753237189,0.000000591707285221898,0.346035226778868,0.000536482845986497,0.0456230704462464,-8.52553609531363,0.0469176712198266,0.000000239410082028417,0.329595103985933,0.000611509414296061,0.0439230329583799
"65",-8.42014689432044,0.0470788636418831,0.000000481339118760893,0.33235723725894,0.000577750378755555,0.0403820645232232,-8.71772116002976,0.0522652300560027,0.000000737357043402407,0.318392651252193,0.000617219956002583,0.044548503725687,-8.18535464637399,0.0458386089390792,0.000000750559797184421,0.31582734177837,0.000611421191768039,0.038874065209341,-8.46741641692066,0.0463825488185295,0.000000379963170314183,0.338083176268536,0.000542433201577219,0.0404980965727986
"66",-8.40958964240135,0.0455685775750647,0.000000431805305532799,0.338813161479591,0.000604603198679423,0.0401395720358586,-8.75357346903729,0.0492936849424911,0.000000282600017295238,0.341087216210301,0.000649386470441994,0.0444102936693864,-8.31469368533481,0.0437350174247234,0.00000023206048486196,0.345728464080047,0.000637648230555107,0.0386162052367028,-8.23374011421978,0.0425950843657114,0.000000226695929368508,0.339192628223637,0.000574639256834709,0.0390631181837778
"67",-8.47351910803869,0.047694118250802,0.000000463825017541176,0.332824008430279,0.000658984036952975,0.040984118630156,-9.10911261364816,0.056608421844101,0.000000303597441740578,0.327917206943248,0.000657158710589442,0.0495814738456279,-8.51777446092621,0.0496789368271605,0.000000351442258372649,0.325271532396796,0.0006374313809983,0.0429249096415544,-8.65379632232103,0.0483002442085421,0.000000542753878967202,0.331748493813936,0.000609857814623126,0.0442582411496233
"68",-8.67898050010128,0.0489842751318271,0.000000612491166138638,0.336871413104268,0.00053062520788916,0.0431366095627442,-9.25591981971368,0.0540729655359935,0.000000629293951252651,0.3464024846648,0.000505143089433534,0.0493021091114018,-8.77072308837567,0.04811425953086,0.000000642937905207678,0.34715432471338,0.000487831937199396,0.0435054250986494,-8.75724672628776,0.0500975299137866,0.000000629415199598615,0.334848767635406,0.000450700541113753,0.0439182247045843
"69",-8.47232486621517,0.0483834100589705,0.000000259953839298169,0.337184101241941,0.000491384807727369,0.0403831047670327,-9.30769859610984,0.0570611220948985,0.000000234880798118119,0.350352282221418,0.000534341272930732,0.0487381154218095,-8.90629541188512,0.05179766768158,0.000000270419687892544,0.354046403019599,0.000556599773873981,0.0433049376340336,-8.31555420235875,0.047380073334079,0.000000542263458569898,0.333171025609206,0.000403145256347702,0.0373856776288392
"70",-8.78674007275329,0.04896375799627,0.000000721570007513004,0.340147379635903,0.00058788726132232,0.0440918163020023,-9.05615654076028,0.0539051015082665,0.000000734680092185009,0.330322204054119,0.000590340285578259,0.0479214810122867,-8.50790671867852,0.0472014445494546,0.000000724331850942468,0.329247186887913,0.000578689699753098,0.0419398999537818,-8.81401928960731,0.0485247383072668,0.000000732785407488559,0.33481955216572,0.000554912841109663,0.0456992659621258
"71",-8.5349447759289,0.0475985625670694,0.000000548174899036037,0.342006037652823,0.00050731630012996,0.0401567030280429,-8.93453000305998,0.0535352881908216,0.000000448533286519625,0.338667013210994,0.000474255797213125,0.0450072700934254,-8.41323504213029,0.046537004605321,0.000000560673974463219,0.338275433225407,0.000453167365988118,0.0391836228280224,-8.5836174157139,0.0476414821112834,0.000000608202931552674,0.343424578661617,0.0004974007659963,0.0401805818227537
"72",-8.55458663884103,0.0460889958355979,0.00000032004307647504,0.349183134751351,0.000561979347758725,0.0412261952686053,-9.01470515379358,0.0524775944114662,0.000000370949883296728,0.347832620920469,0.000536900375324386,0.045923481101391,-8.578497124108,0.0467971545300198,0.000000373660596804471,0.350229944213948,0.000517277333007872,0.0406123861120934,-8.51654492703496,0.046401232443391,0.0000000707746511448175,0.353648295996887,0.000475815840054506,0.0396848228327552
"73",-8.67798228375728,0.0475770856145972,0.000000867060952096315,0.343141133028692,0.000552141688636803,0.041518531811848,-8.81408361826689,0.051330269919709,0.000000718319751476588,0.335577898464447,0.000586160864596623,0.0432629561089,-8.42268169615419,0.0456964918403162,0.000000771589935137923,0.339447957262356,0.00059649041206274,0.0383239943220191,-8.57786350920499,0.048086521458862,0.000000717819431520445,0.340236878859779,0.000549457039726617,0.0395241713281331
"74",-8.61299450751821,0.0487414738423013,0.00000041973116157723,0.342620626488714,0.000587477164519313,0.0410012322424808,-9.08367293763083,0.0547813527630494,0.0000000932863231964335,0.339368478167581,0.000597817603720129,0.0486315857870454,-8.60833164748308,0.0483049166578289,0.000000162161348531674,0.341966204960869,0.000565400851393851,0.0428678771108125,-8.48786310672561,0.0486478011569808,0.000000313868952520212,0.337015692741589,0.000682085079031871,0.039187191670676
"75",-8.61514652360852,0.0480069780749516,0.000000523792217507353,0.337505847590661,0.000549932597595668,0.0427342020837364,-9.03624629051056,0.0534405901738848,0.00000051178111680741,0.330616221559246,0.000597608051456099,0.0489367243699483,-8.58137948723203,0.0480032651656735,0.00000051699724060788,0.330548359520724,0.000603501594756304,0.0434848818567805,-8.82596055940165,0.0495293358159326,0.000000803544567188572,0.337757069066732,0.000543254750682435,0.0445918568158202
"76",-8.73173993332942,0.0477802623127665,0.000000660761366552563,0.355107712850953,0.000563789912530901,0.040473636331218,-9.37318562309497,0.0528393987853412,0.00000112933236390718,0.361774790866761,0.00057706758171655,0.0468253947742834,-8.99348859043966,0.0482074320465132,0.00000120781211437318,0.365276201610077,0.000560257693074337,0.0412122455159841,-8.69957213277055,0.0471757763442398,0.000000753662725830257,0.361451619593015,0.000569681232377253,0.0377429276314174
"77",-8.45264231465446,0.0471764314136353,0.000000382178692968423,0.332231585368346,0.000567811693387888,0.0417962335820292,-9.0487910269194,0.0525391424942027,0.000000184123426684928,0.333182017556552,0.000568603124913297,0.0514580009487682,-8.58317644181404,0.046180720100276,0.000000198530661218616,0.3345075566113,0.000589010040981033,0.0462017985888203,-8.52201515773149,0.0466700570331344,0.00000074364009905689,0.33088156027088,0.000653494885212848,0.042168519459056
"78",-8.49900190408384,0.0471175768532217,0.00000048369862695066,0.338885465743378,0.000527467686637654,0.0408278087916304,-8.99148897374221,0.0517973342505163,0.00000062900829490936,0.335195738674919,0.000584523598927857,0.0478785492126325,-8.52629940727144,0.0457362084067231,0.000000662768195456846,0.337010641559138,0.000583081361876156,0.0422639030703678,-8.43953968625317,0.0471675141133977,0.000000422541977602914,0.331427801026356,0.0006169983172303,0.0411254537968355
"79",-8.48385430136417,0.0464957239175056,0.000000470322704588106,0.340506217276842,0.000636330291830428,0.0404624659196232,-8.83133877322632,0.0515517520831152,0.000000439116576038951,0.337920196421999,0.000594270957377931,0.0445288350742826,-8.36881620285205,0.0450391935574274,0.00000053422985375205,0.341712349294663,0.000584090097716152,0.0386114853319604,-8.50905040225757,0.045824807339304,0.000000757867012641788,0.342043682229176,0.000698194699440207,0.0393854203395966
"80",-8.52509297715073,0.0462473431012465,0.000000481214481869135,0.347775027512305,0.000589088346429482,0.039489126144475,-9.14147485820724,0.052792342755594,0.000000738330980891609,0.344358298679005,0.000603340000360017,0.047159020523851,-8.64279797258989,0.0464055153858687,0.000000805728625185881,0.344133353295548,0.000592482279453768,0.0414674628592536,-8.61242361924962,0.0460672869048262,0.000000386010401374048,0.351327322288304,0.000608977428403545,0.039883103521454
"81",-8.48561186484901,0.0474166139865368,0.000000559506981110431,0.335302636345863,0.000617529242586913,0.0405656930464329,-9.06233547578964,0.0530697912976276,0.000000680014968810491,0.343185720176853,0.000634911002337112,0.0460965019482552,-8.63101591080885,0.047066115215927,0.000000757704450682273,0.346013035688558,0.000620173586588391,0.0407817275929216,-8.50725305990805,0.0460456522115433,0.000000902854498069988,0.335314858569992,0.000606486278793173,0.0404775822771253
"82",-8.58571453549584,0.0473804054069613,0.000000680248536333059,0.345396409652954,0.000573674694514536,0.0401615029902099,-8.96164988820102,0.0534730339851063,0.000000466271613160419,0.345268487408666,0.000531041163468442,0.044141736113876,-8.47758931819364,0.0470619248419796,0.000000493948098662307,0.347270955328691,0.000514255342802941,0.0384122113768254,-8.36692330340929,0.0437308376854282,0.00000077869058540706,0.345362091008518,0.000610491139323231,0.037379705413329
"83",-8.58712024237832,0.0476556657195103,0.000000580130554701984,0.340113567538365,0.000604966628668842,0.0413098722029885,-8.9925925685005,0.0525258886981812,0.000000670296896433534,0.339764554648366,0.000607261190808245,0.0456384115404543,-8.53395981696522,0.0465144778350989,0.00000075331456049088,0.341652336083304,0.000583511371537611,0.0399180715845413,-8.53550835499637,0.0467088315976795,0.000000497740502425212,0.340494301499846,0.000581284991513029,0.0406459440365435
"84",-8.47893755860359,0.04645042609049,0.000000587498307091897,0.336622269442113,0.000593174661187638,0.0408992295390237,-8.8361125629889,0.0500262553357208,0.000000162759103754724,0.333353937440936,0.000599801133245213,0.0484274523587669,-8.26841925549799,0.0434611888868017,0.00000018642280687157,0.331583894951147,0.00059813515165405,0.0418278355563825,-8.56519334081811,0.0443109317026808,0.000000810839043923447,0.344463566787349,0.000628583346408984,0.0416256071486216
"85",-8.60854923496382,0.0479275184669441,0.000000663277221379281,0.342967924673945,0.000553030642475506,0.0408255864610794,-9.25686295141845,0.054594601866753,0.000000506395796142435,0.354626315117893,0.000574269474544775,0.0476413287287976,-8.65583312527386,0.0473375567491009,0.000000529698007599123,0.351898246425185,0.000541943195547478,0.0412178230401947,-8.85548832763011,0.0497149112331716,0.000000730148509689849,0.352641746695007,0.000539467061270537,0.0417277259567786
"86",-8.31884598733794,0.0465528635466695,0.000000866063977384268,0.319679550749547,0.000570953163156867,0.0402788482883764,-9.00729656402204,0.0550456825679752,0.000000718719878191234,0.324578569838718,0.000598222271780005,0.048019956895272,-8.46020371729714,0.0486321450272564,0.00000072009437306855,0.321951767195142,0.000605434508669516,0.0419951540252376,-8.50360337416947,0.050334990555484,0.000000699279289200467,0.323359084079354,0.0006551277786957,0.0400394604576944
"87",-8.51916628310058,0.0476085961176141,0.000000664579353785567,0.337431989369806,0.000573299475000353,0.0401703480683901,-8.78094861188231,0.0522566020134593,0.000000745872479193401,0.328333466014407,0.000574706942990915,0.0434254032521289,-8.30194614141915,0.0461549457972889,0.000000764962665859404,0.33095470033969,0.00058123417138805,0.0373738278650744,-8.51352572886171,0.0474181111892141,0.000000645141040400297,0.335643059182326,0.000512571813591539,0.0408428909546029
"88",-8.46216125530485,0.0478479373835364,0.000000874356986338869,0.3295816755217,0.000608774374454439,0.0396484899583557,-8.82007261681612,0.0538124394917926,0.000000741661713468165,0.324204880050483,0.000566260487217323,0.0441293430552443,-8.3169038807982,0.0472245153200787,0.000000761650060516834,0.32306636145013,0.000572651347819565,0.0388733164269389,-8.75206495147135,0.0492523027595091,0.000000783917877898545,0.340644997316936,0.000536451894653341,0.0420375132742959
"89",-8.49939086166003,0.0475218703013397,0.000000505961364322463,0.33746869791674,0.000590000320181095,0.0403893542196441,-8.91631705536724,0.0531416249072175,0.000000422102103112832,0.326622551916253,0.00066589098175116,0.0475717622887106,-8.37820258342027,0.0468631150136825,0.000000490848202404887,0.324437182760179,0.000644370996154968,0.0413658799607542,-8.51456912715895,0.0474237026404164,0.00000060051749128457,0.337551377981207,0.000600479233690335,0.0404937489051
"90",-8.73508678170438,0.0489058260268231,0.000000682118392430235,0.336846834194198,0.000533713201105315,0.0444296190168834,-9.48241439428945,0.0568620218299043,0.000000779567133316131,0.342445596869607,0.000569426799939439,0.0526705231753306,-9.01977563026135,0.0500977954913098,0.000000900850434208667,0.348216354658149,0.000574031474869756,0.046361350869874,-8.63638044315986,0.0482985222041363,0.000000497729972650692,0.337152367850425,0.000514224194916971,0.0428074128938024
"91",-8.54157861924213,0.0470038663171351,0.000000739644336905359,0.33216654775664,0.000589329353642452,0.042241547898673,-9.06975701370882,0.0543994841043788,0.000000961386665673323,0.328650306733912,0.000603549912102674,0.047322526784869,-8.57359764977266,0.047858424055539,0.0000010023167191496,0.326427908390321,0.000611884869927167,0.0423598819647289,-8.48524931663258,0.0473692529476575,0.00000107871225942057,0.326442764054284,0.000638485612393566,0.0402891497050437
"92",-8.33573979117103,0.0452559510044492,0.000000418098831609603,0.328826952619511,0.000572005756380868,0.0414584555586113,-8.93465464789081,0.0520483988487883,0.000000472650887046306,0.338649484774533,0.000634125938638878,0.0461511248473427,-8.55139323392945,0.0467837261159733,0.000000573183577490232,0.341006505319079,0.000646438441061,0.0411865436337141,-8.2947979211576,0.0461080979793195,0.000000367281426196517,0.325320784039997,0.000553574155352411,0.0405879193666834
"93",-8.63228725773232,0.0467233704402705,0.000000871296701742948,0.343491586797856,0.000553049947261793,0.0414422627275495,-8.9965020291531,0.0507612908083625,0.000000778653626915171,0.341546978972157,0.00054646382668144,0.0467672622022055,-8.54285389717237,0.0451120605292617,0.000000814976288347641,0.342266482846435,0.000553748660134063,0.0412380473707431,-8.33058971222537,0.0442656465857656,0.000000746917989773369,0.340363889188115,0.000605870277882686,0.0373611246771631
"94",-8.51880289115731,0.0476807595404998,0.000000668014222173715,0.332232470300764,0.000524203370084851,0.0418374504845187,-8.99078788424147,0.0548355063239832,0.000000692491472892456,0.335861224212871,0.000527121357533169,0.045056850500856,-8.47628932383012,0.0483356279018605,0.000000700917824437608,0.335720476284679,0.000522332218100296,0.0392803175284524,-8.4874948131636,0.0482005791655777,0.000000793881059576191,0.320717416574765,0.000535253693182868,0.0425767117051131
"95",-8.49964455210756,0.04620893908986,0.000000403921942096844,0.338661965119394,0.000526801436267543,0.0421903577045417,-8.85023598925589,0.0501233351392916,0.000000200931826531734,0.33129531471875,0.000476067866471139,0.0493320340895783,-8.36404061948219,0.0441195200639617,0.000000183669857816771,0.335814930206438,0.000468153559357732,0.0427097648311346,-8.60044983061202,0.0462105274415771,0.000000264756816991134,0.351327500149995,0.000506665873541661,0.0412350573318599
"96",-8.68546758737274,0.0480405976198898,0.000000687694831563012,0.337997292438838,0.000548991675028505,0.043682911014536,-9.24054337758382,0.0551571135254178,0.000000422733405754719,0.349916845147801,0.00059633226598222,0.0483423420713395,-8.800229383455,0.0499436265745731,0.000000448465240379607,0.352466233668094,0.000591911260343385,0.0422964685885536,-8.5978513128554,0.0470498138982094,0.000000711042482486934,0.337259366155273,0.000525975999425104,0.0420624723402186
"97",-8.52723277411622,0.0439164670309843,0.000000648809948682137,0.342379256820701,0.000564549424750298,0.0423754023857479,-9.04629961567779,0.0521613368687324,0.00000050175997373022,0.345884313721156,0.000580799274445363,0.0465938426914969,-8.49697839940672,0.0458406578556452,0.000000532626817049119,0.343957326819161,0.000565764113843136,0.0402143734897946,-8.35183235984852,0.0437224242984006,0.000000329774737953251,0.346830517976008,0.000588484934034852,0.0384158987240822
"98",-8.53671241428427,0.0463819377931826,0.000000394691465540699,0.343087454622644,0.00053888107629457,0.0418561361430247,-9.11719092674615,0.0517869461866265,0.000000370532811454355,0.345490846726921,0.000507599169275406,0.0498992159300676,-8.5583864957924,0.0453119827996604,0.000000368417054339799,0.346331117063251,0.00048799175696095,0.0429174672938199,-8.5090839218051,0.0464273844861042,0.000000447197756384619,0.34484492329979,0.000536889092379331,0.0403438901198832
"99",-8.48188132072183,0.0477785735439539,0.000000580101215079451,0.337662741874712,0.000557216408805273,0.0394051508993477,-8.70461657335749,0.0520007467873246,0.000000512563457565813,0.329764182569087,0.000509738987461523,0.0425156828408786,-8.24670673061821,0.046048366466526,0.000000535769075137691,0.331658299247323,0.000507733867966753,0.037007412315815,-8.33238438434672,0.0456185105726884,0.000000795751000369169,0.3320592556339,0.000513764579556963,0.0382989730258242
"100",-8.60886753845248,0.0496134320583828,0.000000519997844786927,0.335923996230639,0.000593503899324017,0.0414392472987744,-9.0640870014806,0.0550182475499947,0.000000551118112719405,0.343258318818034,0.000564799276319751,0.0449581197728693,-8.57078471042481,0.0484344553819692,0.000000535637564314279,0.342950878863505,0.000548760872058408,0.0400021721616411,-8.73872558344923,0.049364254775417,0.000000508154176781242,0.335550019274963,0.000640101345485058,0.0439760728392197
