"","intercept_logit","age_logit","fnlwgt_logit","education_num_logit","capital_loss_logit","hours_per_week_logit","intercept_cc","age_cc","fnlwgt_cc","education_num_cc","capital_loss_cc","hours_per_week_cc","intercept_wcc","age_wcc","fnlwgt_wcc","education_num_wcc","capital_loss_wcc","hours_per_week_wcc","intercept_lcc","age_lcc","fnlwgt_lcc","education_num_lcc","capital_loss_lcc","hours_per_week_lcc"
"1",-8.58648498496274,0.0466191582375187,0.000000569840211735883,0.342074425329402,0.000539801363064193,0.0421397169957076,-9.09953846830034,0.0551376691576965,0.000000376633993135118,0.336830341816742,0.000574484207910485,0.0481244175446145,-8.65604407778103,0.0491337831062573,0.000000410144287876497,0.340215369197991,0.000571192792520503,0.0425096882036886,-8.71632581219565,0.0465403747533511,0.000000468545913799033,0.351888423710454,0.000562190005480148,0.0432999037661116
"2",-8.57812068758662,0.0483697205647056,0.000000489867164166716,0.338745231043659,0.000580870589048403,0.04123490999172,-9.07093211892985,0.0531728271032075,0.00000052577348955182,0.338705746681155,0.000596410212495766,0.0478662130396574,-8.57614043017339,0.0475572155260576,0.000000476981699228669,0.338006247309438,0.000585764230703128,0.0421092064536973,-8.8174632949914,0.0505450602520126,0.000000424866624186983,0.350104445643692,0.000511528146084684,0.0422416129965815
"3",-8.52101292581282,0.0467423985352465,0.00000063168845510891,0.34131020594806,0.000595133903778539,0.0402988243107166,-8.81574290937392,0.0507616170644402,0.000000415064792608157,0.331372005009296,0.000603682689714471,0.0464329706987656,-8.34395780843973,0.0448770958917873,0.000000422625252259782,0.33185242791297,0.00059043973657257,0.0409489877305507,-8.66323137216001,0.0484627554891972,0.000000557346065872973,0.334175013426009,0.000609216543895087,0.0439552823963214
"4",-8.42795733759504,0.0469048708752329,0.000000443233179836448,0.339598479639685,0.00056821384560271,0.0391476950322304,-8.86244580447355,0.0520248355261678,0.000000315308419463398,0.341574833510758,0.000596807435546561,0.0443862042800229,-8.38245519216134,0.0460256295944205,0.000000359256520774139,0.342206574402424,0.000591215329662496,0.0386145056197188,-8.51312085300746,0.048736431518516,0.00000035655254347971,0.345931791453352,0.000559170208942841,0.0381407191572498
"5",-8.54117126391283,0.0474405059470839,0.000000658260185486387,0.332394503508446,0.00054703141407007,0.0424068270915799,-8.96085427773153,0.0527038980237067,0.000000716211800409696,0.331951253273228,0.000562844895138843,0.0468229998840938,-8.48883640060986,0.0470678365114582,0.000000793294437108433,0.331946678234425,0.00056189434137149,0.0408906624570618,-8.65114083500459,0.0466039569208763,0.000000451253306423276,0.344199185508854,0.000582474297176912,0.0437822099269183
"6",-8.46001796749679,0.0459150121244231,0.000000368867649232152,0.340714734340745,0.000601272932741219,0.0408833457790451,-8.82247760847087,0.0526013780895281,0.000000411437068139328,0.335927264486949,0.000608823296204984,0.043964882820001,-8.27180821181971,0.0461219307730356,0.000000406901881021416,0.334066474502432,0.000601496929013711,0.0378086922301356,-8.48544182877077,0.0456670308412842,0.000000319049583790464,0.344668780095937,0.000588702947363256,0.0410695342545354
"7",-8.52905247222456,0.0469047860836048,0.000000593237118331012,0.337837227322974,0.000559269273204798,0.0414048258150725,-8.96608416336765,0.0526859982492548,0.000000523812315388575,0.337992881133366,0.000582016288284618,0.0462444755980012,-8.47268039882538,0.0466852081895945,0.000000527640458206471,0.339590545910236,0.000576267428736681,0.040076975836563,-8.75940367710557,0.0490618842577802,0.000000583064004513118,0.3501172773852,0.000606962165088865,0.0419434302096629
"8",-8.58277096324079,0.0467977858970702,0.000000523014406249137,0.344074172068787,0.000523942551157275,0.0414811620327859,-8.95638038836381,0.0523078766918181,0.000000294797166752969,0.343740844367356,0.0005266018221158,0.0458198734774525,-8.49130168217591,0.0463120305961202,0.000000357667081774739,0.343085451219433,0.000520483152914924,0.04062676030348,-8.61483388074229,0.0454892427086423,0.000000782680532178975,0.352953461292622,0.000490432152683538,0.0400689707960057
"9",-8.56817746355185,0.0467250749975686,0.000000537168217256408,0.344244466451308,0.000559697710942404,0.0410785803767823,-9.10825516270549,0.0539681970210907,0.00000030416419856233,0.34117611724017,0.000514393926032272,0.0487420608693148,-8.6401575237908,0.0481988913134732,0.000000340019470573542,0.343566890896577,0.000503342520849678,0.0425832362440973,-8.78539578832948,0.0476950964179281,0.000000670059039009042,0.361870742766095,0.000556814697032264,0.0402772738225372
"10",-8.57513945680736,0.0472244999363639,0.00000062857278628056,0.345020748287313,0.000546315135826656,0.040175788345943,-8.99095330489916,0.0540861918638637,0.000000526662448473738,0.336414599807677,0.000524723396831365,0.0458090696969295,-8.45932137119623,0.048125609888746,0.000000515913863745908,0.335807229125106,0.00051098462176404,0.0393692758787905,-8.73062630562178,0.0484177496781902,0.000000684947133296049,0.352114826844827,0.00050555626325327,0.040613403884475
"11",-8.6165332856692,0.0478521802553575,0.000000733738014899762,0.341614207262739,0.000565122093815431,0.0410164432679003,-9.26844418248359,0.0559486630030569,0.000000469964185554882,0.34204680662338,0.000630951614201621,0.0495821804169608,-8.78072714651195,0.0499868390164534,0.000000439191737323221,0.34387220840928,0.000632050231651585,0.0435834954921114,-8.59043346897786,0.0470207219263251,0.000000584568469058931,0.341763550868528,0.000580972481185798,0.0425469022410464
"12",-8.50441973594771,0.0476790721187389,0.000000718293787247489,0.334032356232641,0.000546971734596604,0.0406216965321932,-9.0601792711308,0.0532504732559186,0.000000722218741886626,0.335483775646775,0.000549739719282676,0.0477813284200677,-8.66895295096982,0.0478306395818412,0.000000804934774921977,0.341791525787563,0.00052722974065197,0.0419294250568289,-8.48444664570432,0.0474208624293622,0.000000601934618521062,0.334063439801759,0.000624888032725511,0.041207975923723
"13",-8.55583629246581,0.0467011679636108,0.000000619542015671328,0.340903672698456,0.000553286716088426,0.0414850874532814,-9.0246033665867,0.0526917894901624,0.00000060653275050018,0.339083141063907,0.000665096604950227,0.0470684710763731,-8.4866360096759,0.0464071444531711,0.000000627093357862637,0.337269539585309,0.000652750631825218,0.0409385135784554,-8.7691614175182,0.0497615038173645,0.000000559305183016851,0.346641382459771,0.000519422209628533,0.0422494599753116
"14",-8.5827102456081,0.0477556319723433,0.000000646123017530738,0.337268136074854,0.000576497457367204,0.0417824904817217,-8.89935054172413,0.0522019194650866,0.000000481830960452061,0.33646901404428,0.000584975029405381,0.0456944835159403,-8.42845312587285,0.0457368131465254,0.000000513075976736397,0.340375055723246,0.000568143148797007,0.0398539137084324,-8.44099176043969,0.044570311060923,0.000000875055221739684,0.338505862420154,0.000606049792578655,0.0408353008826551
"15",-8.50046547007311,0.0470324217362609,0.000000687728593968487,0.338777210160539,0.000558424868763016,0.039877472282035,-9.13717715165448,0.053734742028983,0.000000786047326535104,0.338092425647279,0.000570481740996114,0.0481046348267873,-8.72746911778949,0.0486198732782362,0.00000081740102542604,0.340921413989636,0.000561048038336692,0.0426231550038367,-8.62505504262596,0.0497425567356308,0.000000740775206063319,0.341245086442765,0.00056519568805528,0.0393748911797069
"16",-8.49389979612321,0.0462951185584102,0.000000690991011978921,0.336104089427668,0.000520333711032863,0.0414241189790905,-8.94829245711268,0.0523427941046162,0.000000544929437298389,0.335049475917791,0.000531673939532324,0.047160845034394,-8.50794260161446,0.0465538247032464,0.000000593257329104841,0.338325730146596,0.000527887300969541,0.0413636263863552,-8.69855726011267,0.0469545528047861,0.000000344122923689636,0.348874198921871,0.000498632004132149,0.0436773273951489
"17",-8.56169794256135,0.0475356366870477,0.000000612244401935987,0.340328659529043,0.000599267822083369,0.0408976091117631,-9.13318676321014,0.0535519370443168,0.000000643832723559538,0.334180190820863,0.000626590901150729,0.049951484358201,-8.68399425622739,0.0471569916298042,0.000000710787888958179,0.336642915713636,0.000621747081780389,0.0446749361105273,-8.69902900720944,0.0487165756003327,0.000000693156979382882,0.350286503457597,0.000608736913222374,0.0406197742032769
"18",-8.53754057170435,0.0468167295254514,0.000000553477764056109,0.346801716710878,0.000532946846981142,0.0397311621975345,-9.10036009397046,0.0542086783902453,0.000000408006393585894,0.352127600869243,0.000520742934989288,0.0452254457801272,-8.60749592640892,0.0483457191864429,0.000000461602869793996,0.353201560788767,0.000522105057031697,0.0388078990870826,-8.68870692629517,0.0485129748944748,0.000000693355158245053,0.347892624252922,0.00058525488301711,0.0400561575116465
"19",-8.54020349234435,0.0475808400967514,0.000000539108644833134,0.337292658442313,0.000569745326020275,0.0414899096464485,-8.98653123467358,0.0527003498233044,0.000000329267014512773,0.339526473703833,0.000641583159708624,0.0473430027427089,-8.52595743202309,0.0468004681731741,0.000000329480651809827,0.343923846419259,0.000624070997804261,0.0411989942097455,-8.60471917748074,0.0485885116972117,0.000000655281221228531,0.334554823751822,0.000614000481604507,0.0421615250467922
"20",-8.43885514447878,0.0458814121938719,0.000000568608528282179,0.340122750932992,0.000573283312704102,0.0397921005803115,-8.98043752095061,0.0519990529395341,0.000000535667951856869,0.346816097453798,0.00058623203511954,0.0450684746657453,-8.57896227299357,0.0459894023923605,0.000000615030034887163,0.350860074329747,0.000588110501837572,0.0400699212106388,-8.49377556234121,0.0455293905029242,0.000000554992063691954,0.339741842234955,0.000601970082956657,0.0414192383810342
"21",-8.35873466967406,0.04568426910757,0.000000591340770599227,0.332169174079956,0.000538297439426997,0.0402033051661591,-8.75637931835335,0.0520486593672058,0.000000712128118336206,0.328556312209238,0.000570359724139684,0.0436454708237952,-8.31668758114919,0.0463313401650496,0.000000776407832961058,0.330489757052199,0.000566284679255384,0.0380758958021812,-8.3937079844879,0.0481620322278365,0.000000301214033416162,0.333769685380437,0.000514466135651667,0.0400425252068805
"22",-8.37389495873005,0.0463415608174586,0.000000580777554321629,0.330180536972537,0.000583042654630906,0.040377162196052,-8.81760001450229,0.0518310548231188,0.000000407769491671383,0.328869546824846,0.000609538630871124,0.0465745361858092,-8.27155364937031,0.0454014862024252,0.00000044302576710509,0.326420512552,0.000604620171954851,0.0404289586390829,-8.58156808446059,0.0495704962500585,0.000000366322808264058,0.336707699740979,0.000557181244097062,0.0418048016668054
"23",-8.58089510592061,0.0481397892983868,0.000000639073897577881,0.338835394159733,0.000537856134165541,0.0409868140217117,-9.07749245621216,0.0527971843794804,0.000000669595487801519,0.340439664785736,0.000537155001087587,0.0476012828928971,-8.69040928324551,0.047354261424972,0.000000768277754090922,0.341959729082044,0.000536526813841291,0.0429444137974725,-8.5667026507681,0.0490040155654759,0.000000446863451495959,0.341031433427024,0.00046937173177148,0.040232857602972
"24",-8.54773850228065,0.0468574687339516,0.00000057801969520577,0.340453218729302,0.000557061582045904,0.0412420480471496,-9.05171183641986,0.0513840059430405,0.000000465773369588247,0.34476463148688,0.000606951525643577,0.0478167622699748,-8.58163607673007,0.0456037872543249,0.000000514413356887449,0.346916504143844,0.000606230544051365,0.0416859758098224,-8.75108732906144,0.0501168149285177,0.000000823984182948249,0.344855416773984,0.000510349684139966,0.041044706729319
"25",-8.56510056484374,0.0477374916575979,0.000000703246368957114,0.334548970520293,0.000562337242884557,0.0417484811924867,-8.97024969645264,0.0543802313670472,0.000000563960647751479,0.338224241162545,0.00060913004976781,0.0442694359881296,-8.54512208271342,0.048362035085027,0.000000599461262196153,0.341954725078924,0.000602455098529959,0.0390856810431252,-8.7677415414849,0.0504208371906213,0.000000850295646207223,0.334980170717902,0.000536982444387037,0.0434626305024353
"26",-8.67056887555268,0.0479012124511879,0.000000476503959058934,0.346542439217028,0.000593466913034339,0.0417600876280072,-9.14796190827014,0.0532641088707302,0.000000322048211524593,0.347238722428512,0.000625845809794153,0.0482802684163082,-8.70274294902496,0.0475875979201995,0.000000376202521175985,0.350623450586391,0.000608187416099097,0.0422751326140087,-8.77558585310447,0.0474314962254541,0.000000281151676922596,0.357619919963044,0.000589494019158905,0.0427791659628279
"27",-8.3827171386336,0.0453279014572639,0.000000481183581267171,0.336166257116604,0.000573264466362526,0.0405115542807333,-8.78124530045336,0.0497320273860645,0.000000382590905806386,0.331324746347723,0.000593644388049648,0.0472187528479266,-8.28632435987456,0.0440851029966899,0.000000395161195813006,0.331961941523656,0.000595040825103994,0.0408551472505469,-8.52218765157089,0.0460129012588189,0.00000054518886015842,0.338306433582343,0.000563166749846338,0.0422435933568041
"28",-8.5967956237337,0.0468741743853219,0.000000650263730642997,0.342785526983076,0.000580950483331469,0.0414590684863289,-9.10649893165508,0.0539831150482066,0.000000480613395561182,0.338565576948501,0.000630137001194582,0.0481679552632247,-8.67053474779877,0.0484548746982235,0.000000516583998627122,0.338665062965808,0.000628155367463504,0.0430972150766193,-8.69699841895998,0.0468177757403844,0.000000524696590356268,0.351420825064115,0.000532324597185184,0.0425014562202746
"29",-8.5878797014349,0.0469814654277139,0.000000684737510362594,0.345170396593131,0.000546112670743644,0.0403700815232527,-9.1171992156037,0.0548654223138268,0.000000636798130247885,0.344605432453558,0.000585692590853044,0.0457011058963527,-8.55067232422482,0.0482578093678179,0.000000727914222035426,0.344313008653514,0.00056499004468226,0.0385670947526362,-8.71552806043998,0.0468332410035054,0.000000692433632028142,0.35165331392096,0.00060280598067072,0.0417893779505998
"30",-8.46422043023205,0.045870086484374,0.000000603087983272384,0.337237363969363,0.000543236822591255,0.0408580537525855,-8.72117999042373,0.0508697188019312,0.000000319807782054221,0.332080422180008,0.000504119200643708,0.0446337648130024,-8.21869377745893,0.0448226936586595,0.000000317000261219394,0.333873146140304,0.000494666659293246,0.0382775560272812,-8.43097228921667,0.04484201519344,0.000000350286334902131,0.344882162935695,0.000517005790700494,0.0402094620641934
"31",-8.55268567739125,0.0471648645243729,0.000000689594223642775,0.337637530734424,0.000552081270952643,0.0412081205814745,-9.0177429774404,0.0529841670410897,0.000000704708057883829,0.336826966939891,0.000527544426158468,0.0467474177943444,-8.48282702546897,0.0464684583968096,0.000000766833576540413,0.336713319644047,0.000521536500367336,0.0402810141979901,-8.79477206835947,0.0475905168724666,0.000000612424843280881,0.350505637773139,0.000546029251538098,0.0434244799134769
"32",-8.57503517713451,0.0464779219594126,0.000000544754774300808,0.341935620532944,0.000564529148558989,0.041675737669666,-9.20166665369342,0.0536135719495193,0.000000453270341218653,0.339936917229503,0.000597841383524233,0.0504293690129815,-8.77095373705807,0.0478426008579437,0.000000477040860538733,0.342356142040101,0.000591042219680687,0.0451981420859737,-8.65381599335076,0.0467764106976194,0.000000524755656003799,0.337907506147349,0.000581389939459398,0.0448785401619863
"33",-8.51476790942178,0.0476771267513483,0.00000069839496856617,0.331006270156176,0.000548544235134752,0.0416380853097037,-8.95248090738624,0.0520543644101523,0.00000065380552823526,0.333611478309888,0.000589555511300832,0.0471668983830076,-8.44924589029745,0.0461593441031636,0.000000651912580804333,0.335732101871526,0.000594777458981316,0.0405811100155223,-8.61041631846139,0.0493119220860059,0.000000525462622185405,0.337266559361606,0.000607921455689967,0.0413722796519932
"34",-8.5992397167705,0.0480562721943082,0.000000658277883065753,0.337916280495484,0.000559244953261696,0.0417347829536064,-8.92066991913883,0.0535626860392106,0.000000612968293631105,0.331745648844073,0.000526679167522232,0.0455920253877896,-8.43843953606132,0.0476294221156463,0.000000636875197167863,0.331585015631761,0.000518379286228707,0.039979035247556,-8.66454420540236,0.0478020512813159,0.00000069698410421333,0.341161731158626,0.00051569277034027,0.0431529550110533
"35",-8.59281794579617,0.0476455523758712,0.000000585795782144661,0.342136902512131,0.000567087964565996,0.0411352073498561,-9.16948367647172,0.053855045122233,0.000000470849626531494,0.352322980621425,0.000571829091075239,0.0467421544663918,-8.74037846471169,0.0478200081316133,0.000000479907414121063,0.355206495041026,0.000564353811617285,0.0417722924040384,-8.75558947471023,0.0481611379136696,0.00000057227716105965,0.355366335288298,0.000520514808984132,0.0418199205922353
"36",-8.36433067616723,0.0458005291925426,0.000000542852790472541,0.334269569184833,0.0006051467814548,0.0397728061532629,-8.89002639331811,0.0526410974911902,0.000000572733837860846,0.333126832238549,0.000641048026244299,0.0456909994250031,-8.4505834032882,0.0467924620447028,0.000000680487448847537,0.337166585011373,0.000633577046995343,0.0395503360719986,-8.26265772508045,0.0447224680209794,0.000000473752079660826,0.331527189749169,0.0005984646782072,0.0396810279608004
"37",-8.49111781407327,0.0465610113884447,0.000000675637431954411,0.338030679637366,0.000531279478535916,0.0405914258761953,-9.06997144001446,0.0525684144751524,0.000000621528768960538,0.340915701515733,0.00046291675401626,0.0480080109827152,-8.69719756756112,0.0475091098172884,0.000000708241858114571,0.341628052109083,0.000441702273270081,0.0436049292327228,-8.45821842454283,0.0431332698780991,0.000000810223805060787,0.34131131557609,0.000453927756267435,0.0425139624017564
"38",-8.62873670617529,0.0476116143683023,0.00000063880520235681,0.342983581865561,0.000600140762607098,0.0413738204078837,-9.1784932102758,0.05343699382761,0.000000810103990770432,0.347734013264254,0.000638695566646197,0.0467178831235364,-8.71256346895753,0.0477018077923466,0.000000865460129481237,0.347981977771888,0.000631582463610891,0.0410422367439017,-8.79316654989899,0.051145042396314,0.000000983487115731905,0.340609722790787,0.000503725203636869,0.0414456337971637
"39",-8.504015062998,0.0460221306515492,0.00000073995275515144,0.33899901023486,0.000573547950770279,0.0406325794546597,-9.1028011038726,0.0530426070024928,0.000000784149309934625,0.34006560307688,0.000618339235093325,0.0473937042054085,-8.61444572659556,0.0474428564804968,0.000000848765592808038,0.338995066469819,0.000614293150978617,0.0413234653834871,-8.5889340644528,0.047980295798734,0.00000081825177624276,0.339074439872626,0.000582828835189778,0.0408500949387685
"40",-8.57380805360699,0.0482209676523757,0.000000733409103661462,0.337602239247233,0.000529782758321571,0.0406780780854326,-9.04596526720559,0.0546829109413839,0.000000708747105213846,0.3354609195899,0.000557981415043826,0.0461346698828341,-8.57802046959505,0.0483238707352033,0.000000731666775411954,0.336945946051005,0.000548217202258851,0.0408542958561221,-8.65794627690615,0.0484826665941269,0.00000101966544583819,0.345848643214688,0.000545099622133633,0.0390112294129114
"41",-8.46177512170925,0.0474143074400744,0.000000632129441323073,0.338786629101951,0.000580214174387456,0.0390906145020426,-8.84589700672254,0.0520337574442436,0.000000599964157428055,0.340943920982813,0.000605282509582252,0.0430843450443403,-8.42622189513104,0.0460658786414515,0.000000698204685483176,0.344115929302165,0.00059205248623267,0.0378026954853763,-8.5670105237104,0.0473385740943065,0.000000903029711087204,0.337869736400466,0.000583607962158659,0.0403007953790012
"42",-8.65528318661047,0.0464258656982885,0.000000655470630668611,0.3484929143172,0.000524566665142572,0.0418195609497653,-8.98169505684697,0.0519986294537129,0.000000682150059556805,0.342656963588579,0.000547803889719385,0.0453755173285657,-8.50105124341217,0.0463976441211423,0.000000750939472383892,0.341344264505833,0.000538911740866644,0.0395734830421606,-8.76707134935061,0.045961142524324,0.00000105065760211646,0.35383777710083,0.000498318326667409,0.0419446412125549
"43",-8.68654733855074,0.0467083480133888,0.000000766370086028758,0.349477388186978,0.000598733568231301,0.0414110119213214,-8.85411326322906,0.0511548234151766,0.000000649318375997451,0.341516835038539,0.000578404992834495,0.0432407391599406,-8.32777291731441,0.0453365566922844,0.000000665783516549223,0.340884525507485,0.000567812534975079,0.0366863024929621,-8.69442594182956,0.0448987160703572,0.00000071142209791192,0.347090166488508,0.000647339783652993,0.0439334908094421
"44",-8.56768646605104,0.0487176524605433,0.000000620140728207979,0.338843593845742,0.000555943345928049,0.0401247366314645,-8.94686232511942,0.0530328001936796,0.000000634919200112702,0.337834484668826,0.000559733455323516,0.0449118552558036,-8.48464508632405,0.0472616979423532,0.000000687751178670303,0.340212429627821,0.000553722032902699,0.0388733593671608,-8.67743729034613,0.0476846817266581,0.00000066168058016255,0.342402652604336,0.000537041562608446,0.0424408184927729
"45",-8.45200816479355,0.046570763356106,0.000000541776339423434,0.336143556967027,0.000573248315712465,0.0407553782585222,-8.89885846994687,0.0520648410766453,0.000000487403141472242,0.33595850817177,0.000603178196038917,0.0462824359907129,-8.42831692735546,0.0458724127124873,0.00000047726716678454,0.337641629349287,0.000585420168226221,0.0408564256482643,-8.46494471841332,0.0468671783009906,0.00000046340841764726,0.341858443847162,0.000551652575278544,0.0394226446695655
"46",-8.53320112292155,0.0472902866268841,0.00000037067192611227,0.342490796872165,0.000573752653259308,0.0410420044796137,-8.91242003473055,0.0530610949746502,0.000000245815252360118,0.333931908740317,0.000633202851571914,0.0467333475365668,-8.41022967809511,0.0468102638973785,0.000000319239841196874,0.333561169573718,0.000622238112953657,0.0407774919445782,-8.63378968035045,0.0487324172046202,0.000000452458578174353,0.345452465941167,0.000593260819461195,0.0411833570286241
"47",-8.60174878381571,0.0473342355950444,0.000000524247614316139,0.342271112471276,0.000584953606696022,0.0415792875290413,-9.07798662575662,0.0540616826474538,0.000000529361478296722,0.338521585120656,0.000557184529172284,0.0471824481115206,-8.58281393692404,0.048162729544463,0.000000649389407138868,0.337958377359111,0.000561422977000679,0.0408916720383237,-8.79679002644553,0.0483933780798546,0.000000328204077743772,0.358455975044808,0.000634573611783265,0.042224005946538
"48",-8.57625910970742,0.0470215587469157,0.000000543726417785457,0.342689339920979,0.000556070425414096,0.0414382195790155,-9.12508062353313,0.0527068071167018,0.000000512002747570347,0.348206516041411,0.000593227048232751,0.0476709121432714,-8.7117372904261,0.0473880095493884,0.000000597843294361368,0.350000614608162,0.000595140389197293,0.042261096712455,-8.93924430307957,0.0492303147936525,0.000000603873172391748,0.357923871020077,0.000571361273818365,0.0439132167535042
"49",-8.45623451921558,0.047897307211062,0.000000435695433634627,0.330623513627685,0.000568389606964294,0.0412184114809535,-8.96266956891521,0.0540395131355146,0.000000362083893296921,0.331083903468568,0.000560422808638938,0.0473647439870695,-8.54256532405053,0.0479538512525419,0.000000376767772443348,0.334986965116519,0.000555027827696439,0.0423391255075124,-8.52074139979361,0.0472448382475165,0.000000433581460323548,0.336876799095399,0.000612380963888753,0.0416187792392493
"50",-8.47107843783362,0.045626724615437,0.000000634118002269061,0.339258558297301,0.000580819653973961,0.0407088089305484,-9.08445723019182,0.0506695856807328,0.000000510437690470277,0.354212860423465,0.000618956850075632,0.0472791238066558,-8.57122463842606,0.0445749012622644,0.000000575987890036638,0.353915489738728,0.000609882941123837,0.0409457501220412,-8.47737716500584,0.0445079334880979,0.000000717346256061815,0.338820381271162,0.000631621743230221,0.041583054349499
"51",-8.50656852524578,0.0453560461181112,0.000000671329442587112,0.340365654375103,0.000559751420576307,0.0414590175939585,-8.90810553754016,0.0521937851116313,0.000000692201077310584,0.339352071162894,0.000595197064390786,0.0442514784725104,-8.49454185825599,0.0464192729408571,0.000000719032820042251,0.341938613603044,0.000593082470434048,0.0393459353163156,-8.71483819828286,0.0493015016861474,0.000000668602721054314,0.343015262722747,0.00053562945922051,0.0421296561956349
"52",-8.58952635646437,0.0464824436038354,0.000000630478726970892,0.342020187398117,0.000539989752025398,0.0419566741826216,-9.04741416018534,0.0522159241594583,0.000000684648351855272,0.33548328501992,0.00058345240389351,0.0483854121607367,-8.48203066634151,0.0453086738980715,0.000000754045190372766,0.333317355511818,0.000570582561069616,0.0420990835479604,-8.69544598321646,0.0471334207586894,0.000000639536554604056,0.350865013974111,0.000556052111966297,0.041892887060773
"53",-8.43298700958933,0.0475426998039364,0.000000594176717400486,0.32766398567557,0.000568768941466906,0.0411438939088705,-9.05645387450577,0.0552047911207753,0.000000325264170837756,0.332269362270912,0.000560382432913295,0.0485251078099003,-8.59137060672846,0.0495986532959143,0.00000038190712180146,0.332817673867346,0.000562529300895464,0.0426405690902063,-8.33977052997128,0.0465682849047719,0.000000446083840801933,0.338278650555267,0.000644271353159963,0.0380796276854886
"54",-8.59801030900045,0.0472404488939401,0.000000464412426619174,0.34361510888904,0.000582839156167974,0.0418903354586641,-9.01036285746105,0.0536022693282594,0.000000486234361360525,0.337783658429298,0.000596643432885629,0.0469036353938397,-8.48502909107378,0.0471139909846967,0.000000539515630063267,0.336615714810394,0.000590205732688122,0.040905941861909,-8.71995377744933,0.0477750934612624,0.000000719585611506659,0.354166965630668,0.000587439811186766,0.0408513719371283
"55",-8.45896882521771,0.0466875378305325,0.000000489769055381427,0.335906131414946,0.000568263545209907,0.0409848166172143,-9.13083576529658,0.0537027671209595,0.000000560906313503229,0.341106422990994,0.000585335029784784,0.0485311706026206,-8.72095260387663,0.0478176320543535,0.000000599247891951611,0.347035693622233,0.000575948686302713,0.0429323718792816,-8.62011895409877,0.048494321626904,0.000000431168762834872,0.334863116189085,0.000572535774113894,0.0434651727623118
"56",-8.64403014680338,0.0470556245235979,0.000000709845842235562,0.344174922481056,0.000567953043042179,0.0417580855145555,-9.02447942983656,0.0521887191739029,0.000000677861711128557,0.336489719714689,0.000582080790059863,0.0475591835670207,-8.57428617859448,0.0462028557646421,0.000000686437541403718,0.339078537522791,0.000588645306873953,0.0420982649043337,-8.73071637104013,0.0466979753988285,0.000000759882933540542,0.352258735834884,0.000606957096276343,0.0425063942190154
"57",-8.55960532980069,0.0462407235038678,0.000000553349404300354,0.340757770573582,0.000596052519390099,0.0418670480615157,-9.08588390125931,0.0513323929187444,0.00000040453467491396,0.338793781737612,0.00056279101824956,0.0505864850849821,-8.58231996389966,0.0453306917973597,0.000000404184068525801,0.34033953648924,0.00054334944982129,0.0442415201236676,-8.58474106396744,0.0483804423100502,0.000000488109892953909,0.343968698621503,0.000594288440155787,0.0405986473335678
"58",-8.48174631288534,0.0478074436623247,0.00000050361485772893,0.332529225217732,0.00056486582769469,0.0412303885009752,-8.76831497234705,0.0537077839843917,0.000000363744374204989,0.325624798953085,0.000576140768880772,0.0443620288147432,-8.34232438783884,0.0478510142577088,0.000000439994486865771,0.328749703023215,0.000563924672332158,0.0389495620708021,-8.58310483578181,0.0477586790636036,0.000000570251112729385,0.341485275859551,0.000654603120663409,0.0412359484292415
"59",-8.42641507612739,0.0481430710716627,0.000000386442788974653,0.338234228310286,0.000590137336545918,0.0385196466639507,-8.84644748973941,0.0533240062444271,0.0000004145785666532,0.336526695466497,0.000616063798000228,0.043550915356069,-8.38914914114938,0.0472678631097494,0.000000516480016549646,0.338062138752948,0.000623772654601789,0.0378415078121954,-8.35751367751842,0.0481061662703547,0.00000045573446469394,0.332980562498669,0.000623610064985312,0.0381974975903307
"60",-8.50192223624275,0.0468374986893163,0.000000501691356557246,0.335912520027936,0.000580963006115076,0.0415575934821619,-8.955275645061,0.0518533511058607,0.000000592856131229423,0.336048647406154,0.00053231876403518,0.0467905315796369,-8.48274909612565,0.0465911127642828,0.000000659800733645101,0.33657744388294,0.000529223175729285,0.0404200302227442,-8.5910388539605,0.0465150643095068,0.000000423494426748034,0.332896189840078,0.00057169356819314,0.0449175173469047
"61",-8.59257624798473,0.0468698758402605,0.000000538376831944159,0.345463892155545,0.00056375979062527,0.0412501628756347,-8.88403897958021,0.0529455393742294,0.000000301973344833558,0.344140455839165,0.000509679425668563,0.0436247107112058,-8.38336997176673,0.0463617504355004,0.000000315870634733069,0.345205686594521,0.000494207608710401,0.0379453119591471,-8.59006604802938,0.0459373511493688,0.000000698773340521502,0.346409101186919,0.000567184805965898,0.041049630289366
"62",-8.56764705189088,0.0473633622629385,0.000000423973162392982,0.345184843621677,0.000532519457290961,0.0408641009078649,-9.05761169131359,0.0538559725605833,0.000000332763827838845,0.344688480531107,0.000516594404595375,0.0467831547338291,-8.61691255945679,0.048314309812597,0.000000374126565537558,0.346195426819153,0.00050275944749302,0.0412576211324124,-8.52942430812876,0.0462411575434966,0.000000578321350712184,0.344782967403654,0.000504478691838724,0.0405301753482698
"63",-8.50881647652156,0.0474888028700435,0.000000615515306992592,0.339809574233772,0.000566767135010147,0.0399197366359524,-8.82468581517704,0.0540572121696991,0.000000319870661912685,0.328788266969407,0.000546784571174169,0.0448394401243429,-8.31735630093125,0.0479427478001959,0.000000377285135682457,0.327288695823943,0.000523180656005337,0.0390408689532366,-8.65676008262011,0.0507367366680092,0.000000684779698178769,0.342384496382246,0.00051410311867007,0.0395377730924186
"64",-8.65617955153984,0.0476175195009836,0.000000550756201119125,0.344925220801645,0.000547498311477233,0.0421076421640683,-9.19362887689509,0.0550584708956925,0.000000454305904398934,0.343150532712565,0.000630801448092854,0.0482610918085373,-8.76048912644713,0.0496040901777385,0.000000480361138260806,0.342483771542554,0.000633635923964746,0.0433915445697873,-8.56821709430754,0.0465992467484207,0.000000525494955305066,0.342313115656464,0.000494354971465936,0.0420809321166032
"65",-8.65374113204861,0.0475972324625171,0.000000502185143879224,0.350490438692931,0.000575838334358154,0.0404168464811849,-8.9469849999527,0.0535068154022531,0.000000384457081591248,0.345907279810757,0.000584345643727877,0.043101559552791,-8.50288355239328,0.0478317652246453,0.000000492475179399872,0.34769636407018,0.000576584601626719,0.0372946886003364,-8.45974772696813,0.047091375741432,0.0000003858042693157,0.345256471774804,0.000564443074824293,0.0386161122473265
"66",-8.53544558602715,0.0468017764243066,0.000000603023020458382,0.344367588428211,0.000538899322559987,0.0401266897140743,-9.22977182219246,0.0540707854507891,0.000000525559588394503,0.35163424982994,0.000586510584986079,0.0480818058665726,-8.77978530191995,0.0485783846841478,0.000000589071937375863,0.352738658154641,0.000570622745709374,0.0422885662842671,-8.79960890342933,0.0498618702539935,0.000000555642152240125,0.349015313947034,0.000545226662771069,0.041830342989044
"67",-8.57410692702933,0.0476744630505597,0.000000631745224174391,0.340867930743666,0.000574771569237515,0.0406066062919695,-8.95136414704258,0.0528598375972781,0.000000506708725015736,0.339152015516766,0.000604501836446199,0.0451885645591592,-8.50545257335153,0.0466666954035607,0.00000052850682398981,0.341405039288453,0.000613618448756652,0.0400426446363361,-8.44165014719002,0.047152459907439,0.000000649921263958123,0.343216209859817,0.000562884731048188,0.0377444843819029
"68",-8.59530477441449,0.0467725871495972,0.000000604253848925465,0.345001286023137,0.000572572234152795,0.0411693496582363,-9.03093644420352,0.0520975389097015,0.000000586745136109069,0.342876111358346,0.000561485703805017,0.0467942040696983,-8.58786835092978,0.0462209771208982,0.000000722085616054736,0.344966985700393,0.000543237116070974,0.0410181592704044,-8.73547053818274,0.0473018023057763,0.000000823712838642342,0.3498375548833,0.000588085840135042,0.0420964320405565
"69",-8.4306611496393,0.0463528516600593,0.00000039113700103599,0.337291825548569,0.000578367007993055,0.0407495354944529,-8.99076663359532,0.0527180245605039,0.000000215203201801773,0.343169271658391,0.000548104619211366,0.0471390945195888,-8.53905534216956,0.0466242168710801,0.000000212971203994411,0.34689353265489,0.000520579638620645,0.0415957530625743,-8.41279310013149,0.0459828663351572,0.000000491571235623132,0.337639383097017,0.000566116726626888,0.0399289268913421
"70",-8.61289173736053,0.0474720182302566,0.000000556134305560863,0.344847689914773,0.000550721506031665,0.0412793921499874,-9.22467152830055,0.0541455318358681,0.000000564270347427197,0.35170367019461,0.000541867480661215,0.0476503907653025,-8.70420598280312,0.0473807585358786,0.000000612254413785094,0.351856557830844,0.000540845961455756,0.0417350676935121,-8.59819769922201,0.0455318184387139,0.000000122993278164303,0.358261568604201,0.000583481303288409,0.0416973267710022
"71",-8.45092333913819,0.0467783627163266,0.00000064634280018736,0.330359121826524,0.000572770012013366,0.0413460877607949,-8.89589139641514,0.0510790969836648,0.000000615547098200594,0.334301908838604,0.000646078356780745,0.0465046662072892,-8.43583678413606,0.0451732677665423,0.000000664210194291066,0.336690616958031,0.000627139999801776,0.0406768616570349,-8.54504205955246,0.0463030439521332,0.000000898515836931703,0.332839856310332,0.000531960754826895,0.0426754750066001
"72",-8.44358927301999,0.0464091796514101,0.000000532509807335892,0.337205347557671,0.000562520258531244,0.0400693712596273,-8.74583268145917,0.0525569566618384,0.000000423975668702295,0.326429357411294,0.000587174532077103,0.0440118873406139,-8.25270544433669,0.0465074282092183,0.000000455059576406142,0.327575700993109,0.00057684277256007,0.0379313565926878,-8.51470112666311,0.0461334721767491,0.000000511212953673705,0.34686283532783,0.000583494031207412,0.0394663486465049
"73",-8.48860214550057,0.046328974809735,0.00000057401392482078,0.336318375866024,0.00052232642890564,0.041616304473385,-8.93269767208741,0.0511924600165338,0.000000377692323348723,0.332508623258125,0.000513108068943844,0.0490489983149999,-8.42724423425956,0.0447311846240396,0.000000458053604663046,0.3311689157054,0.000502110226343568,0.0434767568587778,-8.59533293396476,0.0465770723195282,0.000000711498897712162,0.343130808091027,0.000478723343292103,0.0420042931021562
"74",-8.46913485832642,0.0463976142080587,0.000000396067585662741,0.338297555154517,0.000587124908757638,0.0411576712342107,-8.8389248434227,0.0515578368826028,0.000000366178401567092,0.3361356036669,0.000589620249904752,0.0454086489165393,-8.35339870170743,0.045705600782118,0.000000415770621836693,0.334293143727192,0.000593549193793072,0.0399064393327113,-8.53697448596842,0.0438317512494416,0.000000465917274709652,0.34543194093436,0.00055959454320782,0.0431017816965021
"75",-8.59097704291229,0.0478833563339386,0.000000554752804794445,0.337594835911922,0.000522585417473256,0.042042516863523,-9.0465719723043,0.052815647067016,0.000000550014381147812,0.335472277527429,0.000515032023471025,0.0484023032077319,-8.55666581025458,0.0464256711196663,0.000000608826556066073,0.335813863450131,0.000519967346091541,0.0427579687414524,-8.70645725101122,0.0488164897860078,0.000000547716399670418,0.343589667818874,0.000521399636095305,0.042687608889874
"76",-8.53829946434814,0.0467217078191526,0.000000616239459579154,0.337681234697443,0.000573896054757136,0.0415460615349945,-8.96449287706039,0.0523803098237381,0.000000591024082167539,0.332958759589131,0.000603138293557823,0.047148171540784,-8.46313083325459,0.045785423877872,0.000000574426459670435,0.334383245780187,0.000597291548375868,0.0414899946312248,-8.80204870014187,0.048261009727234,0.000000718802237606146,0.355042040191308,0.000620820059148546,0.0412660868959617
"77",-8.5992371884038,0.0477708094988632,0.000000667323469188076,0.338890486670518,0.000523209322158038,0.0416840303170875,-9.13115352649199,0.054214126793811,0.000000722707790390087,0.34850073984386,0.000505163052318501,0.0452626574417095,-8.75474169154503,0.0486940411145796,0.000000780703306007563,0.353072362195512,0.000509068158722558,0.0403644972543233,-8.75064119864971,0.0484489785776319,0.000000526398475943836,0.349322938322175,0.000503792428522297,0.0426652256125113
"78",-8.50025786170865,0.0466499445483797,0.000000417186144807892,0.340840504010111,0.000546203386486019,0.041046670617772,-8.90136892249248,0.0520570438598774,0.000000481251009810317,0.332713558100195,0.0005596358921854,0.0467103583361902,-8.43658989302406,0.0458214883792168,0.000000542880222372709,0.333554608643787,0.000567727505734808,0.0413253748168859,-8.58588600129621,0.0469473323885243,0.000000809249065340674,0.344558294735776,0.000498585228823381,0.0405299248769577
"79",-8.53023261121865,0.047487522695391,0.000000512936351260349,0.343902215849255,0.00055668925270693,0.039686456432659,-8.95321091085541,0.0548067481956652,0.000000432814619654155,0.334523860657888,0.000553462669494462,0.0451802337400713,-8.45777976797083,0.0489308204242296,0.000000503087735783392,0.333824244810945,0.000555859579471424,0.0390872819600423,-8.58624801240287,0.0470700232778185,0.000000657447701209261,0.342981434412747,0.000512398438568373,0.0416610481974718
"80",-8.6147929673398,0.0474082194482107,0.000000638033279797072,0.340306089052624,0.000551043882269692,0.0422652851626895,-8.96716249914854,0.0503087372438056,0.000000594479477066677,0.332836182746473,0.000506284658774395,0.0496669387867789,-8.47210863986177,0.0441218680684878,0.000000659401991697978,0.332423986260891,0.000491082759532225,0.0439091521046722,-8.64647594264148,0.046488028660523,0.00000101993031409836,0.3409641373069,0.000642080620931605,0.0420881058865801
"81",-8.41641254072019,0.0465844754595192,0.000000692896396145625,0.331069931374101,0.000572052110238191,0.0404262131219259,-8.80213119983555,0.0505191931272456,0.000000424349093790072,0.32884264831713,0.000580224594918501,0.0472262224620544,-8.28865775198697,0.0441710877600376,0.000000473159301454214,0.32639416491479,0.000571081681573154,0.0417412621292581,-8.52980035705464,0.0493934249423317,0.000000894250024799012,0.327830599833835,0.000581908893138893,0.0405911642034817
"82",-8.46998683488148,0.0467333010921461,0.000000503776193920416,0.338442444667984,0.000590488234760134,0.0402487948031332,-8.82097691165919,0.0515161540899829,0.000000332345740744375,0.332174896068642,0.000580286905344282,0.0460381147765131,-8.38865242178595,0.0456887981811853,0.000000395152388588611,0.334858620350197,0.000576589694479734,0.0405781909513506,-8.53904091652606,0.0471604711906232,0.000000237776069726015,0.346909683510107,0.000620453131567529,0.0403124247689033
"83",-8.62598937942294,0.0470473948936144,0.000000759042106350885,0.340994156426777,0.000530992129815118,0.0420311206059374,-9.2105053238665,0.0552892499916572,0.00000092395989598342,0.341355205467303,0.0005581783071006,0.0471351304687022,-8.79959218942835,0.049614393489817,0.000000932629813704842,0.345085162262759,0.000551942378431571,0.0420029012439001,-8.7409782375018,0.0489621767634274,0.000000757877475454902,0.352930637005427,0.000452857186345278,0.0404933262597497
"84",-8.62017956027477,0.0469539484686546,0.000000618701711835898,0.350853978375689,0.000573993576241947,0.0401350154903637,-9.34583470800624,0.056027638620073,0.00000052263048888128,0.351069337116875,0.000599076896052943,0.049052660925156,-8.84737512443765,0.0503731577745485,0.000000486649496062876,0.350352022491877,0.00058392921505599,0.0431855994800909,-8.53021736174583,0.0440170875985319,0.000000724386695211686,0.354933847256006,0.000717308083649272,0.0389841095465783
"85",-8.53397133593148,0.047388666927859,0.00000047359810657972,0.342419449078266,0.000542623862166685,0.0405286786023709,-8.88784080069238,0.0542200629302436,0.000000340797366566271,0.338030071506752,0.000538623656510365,0.0438258810513773,-8.40381279854299,0.048440835050586,0.000000377924746752138,0.338942306925448,0.000531191558319566,0.0377018387313265,-8.67284617366205,0.0476278164071435,0.000000410393224626084,0.352771755229465,0.000529341521064045,0.0409598714111063
"86",-8.42812277846613,0.045795739953773,0.000000439909563352176,0.334720029566824,0.000590913706728391,0.0414625780286842,-8.8111538827914,0.0511929067340296,0.000000413318084812034,0.323609855404692,0.000575327848935793,0.0480460594343272,-8.31665810143256,0.0456443905843602,0.000000471104410049237,0.324790417006265,0.000576928893421885,0.0412549203156705,-8.39108335511963,0.0463469579686831,0.000000470788416353984,0.331868704325873,0.000532842771127839,0.0410919248092884
"87",-8.62007804616812,0.0484699154109551,0.000000729013847517682,0.343501321687233,0.000590377551745266,0.0399795091997864,-8.80044757455895,0.0540888211852581,0.000000484865368798994,0.328420414234747,0.000534580519607767,0.0434768166368385,-8.32209334980555,0.047894276489764,0.000000491943828595901,0.330275613959337,0.000517818611734445,0.0377776412733007,-8.67669031675491,0.0476918626702426,0.000000888615064172733,0.350087710634043,0.000610733932185551,0.039800016807333
"88",-8.58720038439353,0.0472575276262279,0.000000444060718057802,0.346843560642591,0.000581537530481383,0.0406287659943553,-9.06244928520862,0.0516851334667523,0.000000384552718060974,0.351366308649707,0.000622244522818665,0.0466224697901611,-8.56602195679821,0.0454756651247582,0.000000370580524856625,0.352663412047709,0.000619201752197485,0.0407623470072094,-8.59316458785519,0.0482881295911565,0.000000677818270902549,0.349878635083809,0.000598072403219702,0.037907922664177
"89",-8.42096150049972,0.045659923436427,0.000000755114084262951,0.335927755087248,0.000563012455801627,0.0399068915001117,-8.95440694954581,0.0530950236326184,0.00000066949616837365,0.338510199923491,0.000610143679169241,0.0449135276583218,-8.48544764707725,0.0470416958020597,0.000000678156764136447,0.343184718956,0.000595946463831694,0.0385780615366973,-8.44710688355756,0.0470401560727532,0.000000745391615929172,0.335454623297172,0.000564867916475649,0.039773081787349
"90",-8.43292733155038,0.0451509758587066,0.000000499002825333605,0.339021010508768,0.000575059753514759,0.0408277837244997,-8.99998017729452,0.0508860417001206,0.000000582041642598402,0.338584601285411,0.000541742060123841,0.0482415975537172,-8.49543111598433,0.0444216037123031,0.000000571863985548228,0.340295350686987,0.000543545053553365,0.0422795855726366,-8.37287242226826,0.0458821415455482,0.000000618094076931711,0.333130172316725,0.000601297760578494,0.0394637392110315
"91",-8.60241962557883,0.0478082385795681,0.000000581346750196065,0.341554300357867,0.000591878199365029,0.0413601102138549,-9.09644102015172,0.0542077975957279,0.000000512821071694823,0.342734688354514,0.000601323536237989,0.0468718777862408,-8.63714763620459,0.0482188634581652,0.000000478775405482094,0.347840198802581,0.000590983035779953,0.0407744217779507,-8.73548596703231,0.0483422492230216,0.000000403458993536793,0.351824514891078,0.000638006588661994,0.0419226115354781
"92",-8.45667439538232,0.047833622543551,0.000000506392900905886,0.333716831950936,0.000583884035410824,0.0402866019073491,-8.96781036682247,0.0554686266268013,0.000000554624049330351,0.32741360960102,0.00059473457580287,0.046291482369839,-8.4866769098881,0.0487043589895846,0.000000599234609257805,0.327271911544345,0.000603398156220911,0.0413366391981007,-8.47360109907713,0.048203994402087,0.000000539306447371755,0.32832986696991,0.000533355701822263,0.0413126048971475
"93",-8.64634201747774,0.0484920991579965,0.000000638057045388106,0.33896201385597,0.000556374779951508,0.0421756443017116,-9.12336060082969,0.0537390727682309,0.000000619422419724625,0.341243435180163,0.000556035795771608,0.0478047824127106,-8.68264704443838,0.0478232293709735,0.000000678281380673827,0.343112559814824,0.000534938802896552,0.0425213873337398,-8.77716334060369,0.0508573395403573,0.000000526422906658903,0.34168499605849,0.000564475490486736,0.0429832860102794
"94",-8.48442634975521,0.047978664076699,0.000000546409965256797,0.329603868962536,0.000573177723960244,0.0417553501046838,-8.87121844154538,0.0531652364631004,0.000000531093925309316,0.320624142664582,0.000533312069326455,0.0480699813348067,-8.37728230757802,0.0473676894737069,0.000000475246330253057,0.32180966725414,0.000525668852499404,0.0420641071866083,-8.53903113980109,0.0480441440967467,0.000000509431832038931,0.330667153202189,0.000594642315608033,0.0429285920943944
"95",-8.55511038989488,0.0469858115189424,0.000000681377778038899,0.343332405454028,0.000519450059632641,0.0401813050717482,-8.77938189469436,0.0511237672982856,0.000000554954267268688,0.33155723186933,0.000540484317474585,0.0447504020268599,-8.28793948622598,0.0450991047078619,0.000000631025431018789,0.333141276106553,0.000529636289567514,0.0383576562527501,-8.49003954797582,0.0463745100783437,0.000000601553934260885,0.345380418195415,0.000525776270444976,0.0394885455280151
"96",-8.5460230161079,0.0461074493123089,0.000000697335696372463,0.347936027205253,0.000576478099564981,0.0393833043041265,-9.03566972339921,0.0515557552986197,0.000000617917697860464,0.34885565860416,0.000585426975186421,0.0456094581000421,-8.58482026718396,0.0455234273866997,0.000000606330890345739,0.35162743476662,0.000584337356508993,0.0402093149792571,-8.51499631365791,0.0463625299311378,0.000000739820076724589,0.344600884768806,0.000592002222249336,0.0393814571918849
"97",-8.43196393829263,0.0465658612547838,0.00000050061429188242,0.331348989752813,0.000546997455697301,0.0414393082861617,-9.0041584425771,0.053250204512661,0.000000427762849875516,0.332360994837191,0.000583496399401127,0.0485223565034797,-8.50629365907796,0.0469424073323693,0.000000453545293053713,0.333876034098333,0.000592834615121862,0.04242551539716,-8.42414864278128,0.044323236177552,0.000000575058974904584,0.338126109718494,0.000542867508914738,0.0412760815074796
"98",-8.46190251110663,0.0464166242638266,0.000000547779225150275,0.338248817004717,0.000564054714973915,0.040324185863082,-8.87420657476704,0.0523638060674319,0.000000586566005266957,0.332786277231468,0.000556688825568062,0.0453408114953692,-8.41235502069362,0.0460895822244047,0.00000066841954368165,0.333027619344052,0.000548655410046855,0.0401721588213959,-8.60534788848748,0.049264047405309,0.000000601246240494851,0.345324544733666,0.000525139965101666,0.039256665158074
"99",-8.65031760704885,0.0466975093544701,0.000000445092420020431,0.352604708253735,0.00053741571010193,0.0415475118090456,-8.96548935556262,0.0516737046143199,0.000000242477907705271,0.342728857784143,0.000554871160971954,0.047163965321926,-8.54033484719365,0.0461613785939243,0.000000278631726176814,0.345051899565145,0.000542349757402803,0.0417961172614292,-8.7767513185067,0.0498783201857774,0.000000641496305967907,0.346812985111434,0.000595757518271449,0.0416324088952965
"100",-8.55766045989294,0.0469834763667522,0.000000725921429307309,0.338559784751599,0.000536745660750785,0.0412083128675009,-9.10252950738043,0.05308387512807,0.000000744319567043056,0.340117656875527,0.000522006431239993,0.0478097514258908,-8.60670215482136,0.0467601252613752,0.000000847592864082255,0.341798180757862,0.000517746834318564,0.0414090280363639,-8.7290170941481,0.0495360086239167,0.000000711822796216312,0.337306412418336,0.000542161347496039,0.0433282178151234
