"","intercept_logit","age_logit","fnlwgt_logit","education_num_logit","capital_loss_logit","hours_per_week_logit","intercept_cc","age_cc","fnlwgt_cc","education_num_cc","capital_loss_cc","hours_per_week_cc","intercept_wcc","age_wcc","fnlwgt_wcc","education_num_wcc","capital_loss_wcc","hours_per_week_wcc","intercept_lcc","age_lcc","fnlwgt_lcc","education_num_lcc","capital_loss_lcc","hours_per_week_lcc"
"1",-8.46714476824867,0.0465532624048065,0.00000045076794106357,0.338569239106701,0.000586724066673964,0.0404478195419094,-8.88266758329881,0.0520510972144449,0.000000282872126204972,0.335882801883593,0.000585827990236726,0.0462775979013852,-8.38247293144507,0.0460785958920826,0.000000498161099593381,0.335417366334117,0.000511618187024706,0.0395308822209667,-8.36548304025548,0.0444855807544446,0.000000133342964150427,0.347187263853981,0.000612936420764828,0.0395744382145905
"2",-8.60127598008556,0.0471073071360395,0.000000645953023578351,0.345420586445358,0.000554024696454845,0.0407780231759949,-8.94964733835578,0.0517979031965334,0.000000866344731928727,0.327966003011371,0.000558339359691383,0.0474651964375702,-8.5775264999556,0.0461627527002188,0.000000851365156863998,0.336600665840028,0.000568014584836421,0.0421488426753096,-8.67401287755589,0.0452120575204446,0.000000774272206715567,0.354856771464608,0.000518809388147538,0.0414074198786583
"3",-8.66297152867308,0.0470901287919825,0.000000693054420112253,0.346601277430209,0.000533667319307152,0.0417270491745057,-9.30713581304419,0.052623402592456,0.000000522908551023482,0.355585666510912,0.000514531735173277,0.0501891679920272,-8.86758292147276,0.0477269366614181,0.00000058456379404739,0.355123717147612,0.000477636130722605,0.0444960005803814,-8.80213454079223,0.0485065837487557,0.000000987603394718566,0.350051244087243,0.000531850403937666,0.0411437208472639
"4",-8.66193535294882,0.0475885259790922,0.000000840225580764801,0.336403429558001,0.000536941803033163,0.0428178363496176,-9.13013348216149,0.0557293114328087,0.00000078077213318952,0.332100368353004,0.00053861516905787,0.0473860010810867,-8.71534428119288,0.0495203851936419,0.000000738829166145358,0.333493788642088,0.000541106742506111,0.0435872278465783,-8.72185631999852,0.0481809492969738,0.000000952750525174684,0.334156216742266,0.000538700728019548,0.0436693005454273
"5",-8.56486129696404,0.0484387385138441,0.000000901044637457828,0.333935930753616,0.000535736319573646,0.0402671957409075,-9.08697611966233,0.0541860028931172,0.00000106172354814444,0.332281651714467,0.000509676601198285,0.0465953259846841,-8.60137511731628,0.0486074903671123,0.00000116255535766414,0.332636700348572,0.000482005686764909,0.0402160643670704,-8.64946579345333,0.0480939157142775,0.00000103961972372374,0.342899700799319,0.000505190325464139,0.0400464182970621
"6",-8.32219600532155,0.0464735935148405,0.000000644504133371814,0.330870998650411,0.000554075981822394,0.0388269372851554,-9.00385816149681,0.0540115169202435,0.000000662422665083516,0.33464182229306,0.00048857124122319,0.0466977705879388,-8.52607442902302,0.0478720775894771,0.000000810757529284422,0.339626535479792,0.000477306679193081,0.0396162135227561,-8.3582129319147,0.046434194677505,0.000000810517341689714,0.329476002424486,0.000619414944776948,0.0390946611073024
"7",-8.45807282785584,0.0456245414262293,0.00000044630398416856,0.34121001518714,0.000561433759939802,0.0409407546716386,-8.95736296722727,0.0514222397925021,0.000000588436823456129,0.335892219202082,0.000556520308052107,0.0478319064733132,-8.38347853188056,0.0449533625133173,0.000000555997514775882,0.33695790120896,0.00054765696165044,0.0403733668449181,-8.35435398774922,0.04575969826609,0.000000236964140763531,0.337500226305612,0.000535601253969471,0.0403669923659575
"8",-8.55877663169619,0.0470005853915123,0.00000052935513449007,0.340798522993378,0.000565640521940928,0.0415128877180312,-8.99603292091404,0.0521338895082221,0.000000409008858313025,0.335527224711771,0.000620672347158913,0.048503406904241,-8.57004471630716,0.0468468081421011,0.000000585651318679542,0.335802978515284,0.000611603622695691,0.0428500647834797,-8.78309703103854,0.0476381854737047,0.0000006217251380467,0.356974191235642,0.000551744882698273,0.0412955429141512
"9",-8.38511527069704,0.0455372873143811,0.000000342412288021629,0.341067201308904,0.000592760279928061,0.0397018140961547,-8.88026157912747,0.0512222152015417,0.000000310029360601443,0.339244474698117,0.000591649349437653,0.046250032461429,-8.38447257409923,0.0457889572701796,0.000000303862054420302,0.335017924609265,0.000556735161621348,0.0409081176524866,-8.29736179196027,0.0442591830306634,0.000000174993918115613,0.345488256464319,0.000575673305772073,0.0386596323861775
"10",-8.62046667570703,0.0464507607814038,0.000000558358759418308,0.345758538858641,0.000567656414565727,0.0421597402989034,-9.32302282776868,0.0541595538921381,0.000000515264763026901,0.353411081512562,0.000567320504452402,0.0495140718191128,-8.85897742846505,0.0483046724515589,0.000000542014584839094,0.349135182759082,0.000565068331037285,0.0451702170338835,-8.69006976392165,0.0460628562922905,0.000000699476473999953,0.340884117555125,0.000578081585671193,0.0450025970750673
"11",-8.71031798002074,0.0487136416003645,0.000000460940360105404,0.345510885048576,0.000602548984779706,0.042685972564994,-9.09900373681807,0.0560258997569832,0.000000271285677954855,0.34542960710937,0.000606084884821908,0.0456145831972172,-8.63095500312702,0.0491805026198349,0.00000041455188138553,0.348747878529786,0.000596781338139591,0.0398063530304185,-8.93877827195087,0.0509835986805878,0.000000768525089803229,0.344164849898498,0.000567240525111859,0.0448238924952037
"12",-8.52233406864216,0.0463547302998874,0.000000662698280573699,0.339721686360497,0.000533557465014306,0.0411555211412027,-8.90313245059989,0.0523756947066495,0.000000450960371381211,0.33044515755446,0.000601393505047882,0.0473653045355751,-8.57101475651154,0.0463999117227979,0.000000405415160153805,0.344130365985483,0.000610458654451094,0.0421662560967734,-8.44026425915241,0.0449562024700934,0.000000472158053884492,0.343236657497843,0.000571647703879386,0.0408870835053948
"13",-8.60331828861451,0.0473553342698299,0.000000624375179592747,0.344578443578396,0.000546041259734191,0.0406976022356457,-9.27541574068855,0.0537335926129966,0.000000612040397271459,0.344790519903863,0.000438873234664621,0.0505723549464735,-8.80578569716993,0.0480124284048761,0.000000599428919417339,0.347612323803775,0.000431150138365928,0.0444202296109032,-8.61598007917837,0.0456971068038339,0.000000705132715450714,0.358046476500331,0.000600565189296813,0.0391781649493624
"14",-8.68172108945846,0.047719204362625,0.00000070593056032593,0.336237715858405,0.000507122583365917,0.0442150445447694,-9.061858153441,0.0536526692893775,0.000000556571597144603,0.324043381426823,0.000424918195738393,0.0512723294791558,-8.54913066620076,0.0473911060661596,0.000000641133346002875,0.325160539612029,0.000441654100460233,0.0445757675652667,-8.53038073523682,0.0457599484298137,0.000000553409206563253,0.337607967929482,0.00057172482874561,0.0432427360208529
"15",-8.47566384415745,0.0465590566174324,0.000000570590706699064,0.338466713207178,0.000562030579960017,0.0401509883038381,-9.01139788750775,0.0519341856223474,0.000000584098357211254,0.342983894577105,0.000576600522467759,0.0464642382545164,-8.47903323845091,0.0451637027871928,0.000000470550168643477,0.340635602564475,0.000555667620223952,0.0416102221404217,-8.55508130747904,0.0468346632349262,0.000000639803661655617,0.338847308607417,0.000525441394684172,0.0411204323188437
"16",-8.59485997619596,0.047130652635779,0.00000056050649923508,0.341440886934704,0.000594917871674211,0.0419089398320077,-9.1127054408119,0.0500737075937987,0.000000715620973646902,0.340560481676881,0.000630415012549313,0.0505998997050317,-8.65004025651141,0.0441572113840662,0.000000739000062809195,0.338041727927808,0.000653970249176637,0.0458847801173088,-8.80584507489642,0.0463923067483105,0.000000748476226825326,0.353805057033111,0.00064571248673916,0.0433005882788042
"17",-8.41186437513257,0.0466316844918982,0.000000687651838137418,0.327102763810233,0.000569251696465909,0.0412447804824983,-8.90008755080033,0.0530059391355346,0.000000693917727034569,0.324765155928933,0.000638216081490929,0.0469011431229013,-8.42063536045345,0.0461196748815731,0.000000824413056999079,0.32944474246032,0.000628379143139149,0.0405891033659537,-8.40225027278135,0.0467125252589161,0.000000621907086801672,0.321187612451117,0.000566779719504502,0.0429412104718451
"18",-8.56141169727298,0.0472543263264159,0.000000774890581478589,0.339027130132628,0.000576737971685761,0.0407841236861688,-9.09104883643659,0.0546109085530221,0.000000728930886261242,0.339519920545673,0.000502105986712099,0.0465875772588484,-8.5661386841629,0.047315061086817,0.000000660644375238863,0.337748322071627,0.000510050446579446,0.0418522530040464,-8.62662974288018,0.046757928112413,0.000000897918074098295,0.338232066460446,0.000665959741480077,0.0419368759174377
"19",-8.44976722473265,0.0461388767789953,0.000000580393471074938,0.33864132857096,0.000557304469448235,0.0400948301601807,-8.757582816575,0.0538557383546827,0.000000528762982717508,0.323823806407967,0.00061839869123192,0.0436253090718334,-8.24984763440598,0.0466231277214516,0.000000588482391250549,0.321519992010826,0.000550626191843582,0.0392263248536426,-8.42924019494136,0.0467445979497177,0.00000047372022500999,0.339770939449085,0.000607870902089776,0.0390324901354479
"20",-8.55185274830257,0.0454991809892894,0.00000081815588938039,0.336474452420838,0.000539972004288069,0.0427330443639969,-8.96636685409992,0.0518480721244859,0.000000649412399224125,0.33449009549805,0.000555956227974759,0.0476524559449915,-8.52435559271588,0.0456653048330621,0.000000851886683645615,0.335825837365786,0.000549752840049703,0.0421778235354644,-8.55362833755984,0.045337723896316,0.000000894840751701638,0.342335951367177,0.000583271419173808,0.0406713502042416
"21",-8.46442306693542,0.0458600926966055,0.00000041667485240058,0.343869265161032,0.000589546595092457,0.0400628471705633,-8.86256295820859,0.0519323556804647,0.000000425988475208605,0.338594055136644,0.000591981673338798,0.0447382360952078,-8.3248457300828,0.0457217522815545,0.000000554360294204404,0.337838303742761,0.000624689594803592,0.0376472329645544,-8.53299369758803,0.0462163574480254,0.000000218886281787125,0.336094906911709,0.000598614613892406,0.0440831412379161
"22",-8.43137393560551,0.0470050138985373,0.000000383222588114492,0.338914745328648,0.000561772196987861,0.0394454519040442,-8.95911247228765,0.0546351194182835,0.000000364656784162417,0.342510922315978,0.000571375881420859,0.0435691551330954,-8.4902226720575,0.0478740210575227,0.000000358465572978894,0.336793070953449,0.000564640004084163,0.0405953463955778,-8.39740008442889,0.0454922445373156,0.000000223143037667483,0.344729827203631,0.000621107628979282,0.0393234285349611
"23",-8.49612775682744,0.0467827583392612,0.000000503512699597432,0.346292600239337,0.000559630514673852,0.0391400029578768,-9.17149763842289,0.0538969885886644,0.00000063474003585365,0.352341213856917,0.000548620316778328,0.0464441630763527,-8.54051645652646,0.0464795830916075,0.000000735943919211499,0.351537975616729,0.000547784835846686,0.0384400968047024,-8.34920436223588,0.0460877517829123,0.000000212584738608838,0.3396944431117,0.000600747736117699,0.039422697417169
"24",-8.49998204904997,0.0477861719571504,0.000000516105711061664,0.334662431720088,0.00055381763915955,0.0408179995403743,-9.12132025757893,0.054258790988016,0.000000535454217445393,0.341456212132624,0.000603999725249221,0.0474209816478778,-8.63794490840889,0.048221610179806,0.000000660463967915767,0.343777168648269,0.000614258001586638,0.0407790237236645,-8.60692574879874,0.0476935950796801,0.000000585905154493563,0.343271110257299,0.000520651248742973,0.0408891404338112
"25",-8.50925230182149,0.0458340024736847,0.000000582522744395874,0.343033448563122,0.000481806727012175,0.0408764490313778,-8.97986037386263,0.0517797635960549,0.000000634566443486725,0.337593743960835,0.000496102317720385,0.0472315807126112,-8.45917229335973,0.0449459055887175,0.000000650094604117903,0.338521406461994,0.000484682978600423,0.0413573675549866,-8.39402551470921,0.0475530143431397,0.000000492174098223204,0.334357797121062,0.000501498943471772,0.0399427824944779
"26",-8.53755113063675,0.0480381097559011,0.000000605177887424067,0.339951843916297,0.000659335037260718,0.0396660431376783,-9.07432720242461,0.0559121750010594,0.000000631909222956334,0.343236157949206,0.000667927829185504,0.0439949073639446,-8.53396536466198,0.049125431949469,0.000000656367051397129,0.342461410379258,0.000726906933466517,0.0378091718978232,-8.61294807240801,0.0489012437340801,0.00000032224774036946,0.347683209100093,0.000669230527542972,0.039482928986117
"27",-8.57886078920117,0.04756617256339,0.000000686346022183017,0.342758705685623,0.000525451224526277,0.0404019100787696,-9.08406885957863,0.0544448834257531,0.00000108814543933841,0.338466257647799,0.000576246118016731,0.044971611803467,-8.56197494719738,0.0477769677132039,0.00000104086866721995,0.344753582833735,0.000566562977427725,0.0378103682936103,-8.29255497396732,0.0441824256841303,0.000000719888907412337,0.3424772581843,0.000592835047001923,0.0368300765409963
"28",-8.70140536579946,0.0474719868413447,0.000000674916349008113,0.337551586989792,0.000575141870568512,0.0443907622234243,-9.26715010170282,0.0550076522473365,0.000000722693661286089,0.340610281646052,0.000550990517522496,0.0496759092234066,-8.71613987684855,0.0486692089479928,0.000000698652461287221,0.337986534974967,0.000558187162331167,0.0436178938148976,-8.71041335956583,0.0462590366669439,0.000000424486824864474,0.342604457281993,0.000588891605713744,0.0455684969620518
"29",-8.74769925257197,0.0473196191158592,0.000000526272433332136,0.350740905474161,0.000600451464937751,0.0426592437273664,-9.28468373356056,0.0556336840710334,0.000000498078027053471,0.349861693331351,0.000623985776794471,0.0475857935764902,-8.83887543142377,0.0495442245655669,0.000000622350115429885,0.355744532899378,0.000632966337791235,0.0412222448763779,-8.68519946451369,0.0491213892394016,0.000000299391048644375,0.353406005752681,0.000619894923243778,0.0399881037990925
"30",-8.48832763734019,0.0465787440536833,0.000000490294203158363,0.342066005122781,0.000568817972624484,0.0399974854562533,-8.95263443877616,0.0501349005755083,0.000000463930891455114,0.340609282250781,0.000545600303899816,0.047938277045736,-8.44596172051203,0.0444119508679031,0.000000567313162262321,0.337177214820012,0.000543495459514308,0.0418596861974532,-8.65671543180473,0.0477886959090728,0.000000525703618940984,0.346336292172031,0.000505181602975248,0.0419722381332694
"31",-8.46022427833863,0.0461609917408927,0.000000549837154476537,0.338235043319931,0.000592796428936657,0.0405551321432215,-8.72214483513348,0.0481889225691589,0.000000535102620636102,0.332951138293735,0.000608477449565474,0.0457611309855826,-8.31957998224599,0.0429020314651118,0.000000700966303263599,0.333414301976794,0.000640956902860509,0.0404840176832903,-8.35997276861946,0.0452245827493205,0.000000752516561895898,0.332151701323054,0.000548282290528336,0.0395522828726798
"32",-8.79390279184579,0.0474623733907512,0.000000743220807494703,0.355693216515389,0.000528366004849604,0.0422630634921189,-9.21668113375241,0.0533533181019102,0.000000604983339662245,0.351485783070031,0.000575983747372014,0.0478500291105959,-8.85270598464224,0.0470438308055304,0.000000657530440988709,0.355761027776814,0.000574682525603757,0.0442436151855901,-8.78665542770436,0.0460868863175058,0.000000702764573660903,0.356733449836486,0.000529195451857595,0.0433962590067684
"33",-8.66545852956616,0.0460787355419097,0.000000280697005893497,0.350976460859364,0.000524053999064137,0.0433319484511487,-9.29804561844723,0.054421637143364,-0.0000000605475772487625,0.356998680259917,0.000495046079992699,0.050345555807027,-8.77817386249102,0.0478907680914761,-0.0000000568757084533162,0.356262427898664,0.000491119312468279,0.0445068536354466,-8.64195268114729,0.046016611420516,0.000000429599748808885,0.36714167716523,0.000528573765147513,0.0385528297504412
"34",-8.47520640943256,0.0465101570542713,0.000000583211903879313,0.335247074135867,0.000542676787205668,0.0412573047672934,-8.93369511762017,0.0535188864836447,0.000000457650966831734,0.333385308716334,0.000517672228686373,0.0461908348640699,-8.31359034776105,0.0472663108639639,0.00000041719629151906,0.325267341726934,0.000512278797298223,0.0398484185593446,-8.5168764950061,0.0471818939580905,0.00000054938940204669,0.336080583377886,0.000464274633831927,0.0413837689486445
"35",-8.70415232082136,0.0491401890290084,0.000000794572442009326,0.341593317470209,0.000540726982978227,0.0417830570504178,-9.16767858793547,0.0556716661748295,0.000000516686900304882,0.340532420340885,0.00056837746878986,0.0480679464567172,-8.64662266247151,0.0499064710329689,0.000000467710505192098,0.332750301174654,0.000581016534106196,0.0436350974221128,-8.82429473436776,0.0510204533290971,0.00000062128612627796,0.34598328656745,0.000436782723676345,0.0433859932550988
"36",-8.42614185786612,0.0457323550793692,0.000000586110454733231,0.336990299689844,0.000537953630404662,0.0401939299645108,-9.10807360603045,0.0530053847747816,0.000000518688465880501,0.34185961723395,0.000501330164548163,0.0483197710442066,-8.63402072534553,0.0475506474451528,0.000000487575509306287,0.344103042049249,0.000484112844671607,0.0420430130724668,-8.45149534851637,0.0463726725397698,0.000000599387884742417,0.349369872472801,0.000530004284015749,0.0378025354203652
"37",-8.63401312048961,0.0484865835728185,0.000000656305400977356,0.339727236772663,0.000521106195814725,0.0416174675591671,-9.21153707655295,0.0536714559445456,0.000000624284314123596,0.341498327936307,0.000511465936280555,0.0498696598079891,-8.61511165689572,0.0459830179684673,0.000000831488249572546,0.339652435007811,0.00049304256376474,0.0427509846015206,-8.62288620303716,0.0463165621066007,0.000000595905961242482,0.342208361978153,0.000524121593137364,0.0423846578809031
"38",-8.54479411135709,0.045681100683314,0.000000613532690110823,0.342534135034327,0.000535138136749497,0.0416327816610184,-9.07264857979755,0.0522173691311386,0.000000551299198256157,0.349654960480812,0.000568992676546797,0.0460520555540414,-8.55260634845746,0.0461043252468555,0.000000650656222232265,0.35161629347988,0.000571127508049732,0.0387802616150612,-8.66833474842247,0.0453162973659139,0.000000791346978993546,0.342712636697249,0.000609695750817944,0.0439021220923326
"39",-8.7038377389409,0.0465435454244111,0.000000690790762408939,0.34527846927975,0.000543782595045254,0.043617092582515,-9.38934837719233,0.0555970198268593,0.000000565065648550496,0.340855105797396,0.000478791070775826,0.052930567630978,-8.80011735537417,0.0487507286705471,0.00000072966276022411,0.337387439567236,0.000452021649310773,0.0458426434756865,-8.62003860292322,0.0469415845928363,0.000000539694604238143,0.345340136152556,0.000520047469897932,0.0422208631684307
"40",-8.4978956425105,0.0484146015171626,0.000000596629536539922,0.335308617287019,0.000535894361561589,0.0399721595287725,-8.80679551591394,0.0522537360144829,0.000000508680161432341,0.335034244870109,0.00049433983374705,0.0438373724859495,-8.41091229417506,0.0469985477925579,0.000000649349952211709,0.332894680868911,0.000496334949401675,0.0396063915578601,-8.94056576734256,0.04870592087602,0.000000927671141196468,0.351552204542727,0.000552235413258757,0.0439957029991083
"41",-8.64571916145793,0.0477902678455104,0.000000835224607155886,0.338528348986271,0.000566278722621192,0.0421914305347551,-9.04248652635559,0.0522223775552944,0.000000762001017189792,0.340317075993997,0.000555403084939645,0.0470553683907516,-8.54793516174949,0.0448823549489936,0.000000799557177576479,0.342870120669881,0.000548124699110103,0.0417602038992382,-8.57335506812798,0.0460177277931112,0.0000010725882276197,0.336913247008146,0.000562334704324224,0.0414025564735945
"42",-8.53383951183792,0.0465653665295979,0.000000746385629955692,0.339962973650492,0.000580483423055655,0.0404782522434917,-8.88338453350744,0.0507759497990176,0.000000841672805323783,0.333783106275364,0.000536767228978698,0.0456816839547683,-8.36119887866772,0.0447049549011415,0.000000833273266217215,0.334343409496035,0.000517820786880549,0.039411026438187,-8.4936090504508,0.0458368885414822,0.000000694377709812455,0.326010279524573,0.00048360195508305,0.0440562112408381
"43",-8.56930097901217,0.0469690811038924,0.000000481349611497182,0.338583691213447,0.000562698716612483,0.0425907246078612,-9.14138895035647,0.0534771481285256,0.000000668798364182836,0.343759626716594,0.000661299227369854,0.0477396069048067,-8.60296606051235,0.046693457546974,0.000000701243289173511,0.344023176051102,0.000674547044928575,0.0413612463376252,-8.57243916725017,0.0487906139855204,0.000000572170628785953,0.338784782485475,0.00061108641497323,0.040188898188432
"44",-8.8571351858634,0.0486647766306443,0.00000084089335403666,0.350266116563344,0.000593855855185795,0.0428987645721184,-9.55684990593563,0.0544274841627937,0.00000114432710933725,0.35194994861027,0.000572966969725102,0.0521165882659963,-9.19011739200725,0.0497171853803675,0.00000124667942906429,0.354086585251178,0.000615900313541301,0.0470362456935199,-8.86643376059302,0.0500651668439525,0.000000695635356934011,0.361002465836092,0.000566574128083177,0.0401006788315421
"45",-8.56199772096607,0.0462561389426309,0.000000505670237992112,0.341892494023959,0.000618487940757656,0.0420865244609893,-9.23262763934729,0.0546230436324223,0.000000582736622996111,0.357249408213362,0.000610255685879556,0.0458699078213116,-8.76319768669707,0.0484132838633366,0.000000679080599450967,0.355108970774002,0.000637451262796759,0.0410132855999209,-8.58049757677086,0.0465933645700304,0.000000447065250635564,0.338831164308914,0.000601806233466462,0.0433911415012203
"46",-8.50534736681355,0.0472699758788635,0.000000382993382866455,0.337480510064222,0.000571634568359468,0.0411789037137952,-9.27967039994394,0.0568056495428051,0.000000386718245917681,0.347608778683229,0.000548098413470114,0.0479405617073899,-8.92880639898078,0.0511952063222358,0.000000434055527618132,0.355833026375145,0.000519193303290753,0.0430821092397684,-8.57577538871068,0.0481656370877301,0.000000599897732015138,0.341860783054022,0.00061837011314345,0.0399104988957442
"47",-8.6534965991452,0.0464912860126893,0.000000507176236928486,0.349853975601683,0.000560440531591887,0.0422608495003268,-9.08066277165386,0.0523690042695313,0.000000660973809625823,0.345652566168634,0.000610212145182775,0.046911734377294,-8.64018460603679,0.0462637747414993,0.000000764054155981719,0.347133736529645,0.00061237293848394,0.0415825578742831,-8.7749728505671,0.0452288549903059,0.000000711821566439792,0.351162569779784,0.000484731301550789,0.0448006636997932
"48",-8.5204054794873,0.0473429983453625,0.00000049177608403214,0.347552340832299,0.00058755055485453,0.0388033595929627,-8.73975572275405,0.0515310104822152,0.000000515750229879787,0.343422320779619,0.000609117764243235,0.0405463857882666,-8.28213689026615,0.0455610576906817,0.000000533406115827436,0.345583087002011,0.00058896223699955,0.0349649436464884,-8.5286687452759,0.0463417414449947,0.000000427661427919799,0.345637047266062,0.000565295043018754,0.0406062232657476
"49",-8.64609610936648,0.0468105152044251,0.000000374479420292972,0.353489362039441,0.000549526242516646,0.0413129149518035,-9.00366760135364,0.0526828937310114,0.000000244438515457665,0.35157861004962,0.000564578836938744,0.0449762493977457,-8.52831115375466,0.0463879887906038,0.000000233930463832094,0.35655273865937,0.000553842801082132,0.0386229223859286,-8.75864455799446,0.0480430673497235,0.000000418273995662799,0.357298599390605,0.000538296566916576,0.042006996445834
"50",-8.48345220662519,0.0466182749388682,0.000000508742020838636,0.33298546894338,0.000538428920981993,0.0422354008401389,-9.03864496851931,0.0533720416374623,0.000000431392305145015,0.336628675911238,0.000582093805181638,0.0480217293030099,-8.46390724910754,0.0470153295273439,0.000000285951303448821,0.332117164349712,0.000550122708809254,0.0424557292589317,-8.46438887847305,0.0495411519128092,0.000000490838203643376,0.324726087138388,0.000573031703237324,0.0410862697343758
"51",-8.5229349973563,0.0464397638130187,0.000000644192494637879,0.341193150586016,0.000530894735908176,0.0408226397275795,-8.97555971483986,0.0530570651863145,0.000000519672710224038,0.335220833919631,0.000564896965064091,0.0469401579711438,-8.55641152797998,0.0471385751051877,0.000000657248551823783,0.340878159646001,0.000571802165477718,0.0407752707984726,-8.54790210228904,0.0444057582788859,0.000000952717788739335,0.347045103826068,0.000548563075851869,0.0408422708514282
"52",-8.44212214504447,0.0456677957482755,0.000000667078198429352,0.33114865308759,0.000581078472891318,0.0420236505336271,-8.8569412661118,0.0510347679920992,0.000000436289195700272,0.331118884312196,0.000592140878195314,0.047376740562638,-8.35315386200092,0.0447838425192955,0.000000337802634340297,0.332672050112087,0.000597693875835521,0.0417215013449651,-8.32266389793495,0.0406069503139077,0.000000576363762095634,0.329539663280814,0.000553427986272455,0.0453296700347379
"53",-8.64391193700301,0.0455991320926386,0.000000637085541452639,0.353128427288281,0.000591783700858635,0.0415310707696327,-9.18176806376055,0.0511960478225035,0.000000783942134425512,0.352201359512752,0.000593153488245226,0.0483502795244288,-8.7164953118615,0.045627209502842,0.000000696345232941332,0.358237153000596,0.000583496820505808,0.0417036520517209,-8.64399967394214,0.0453496633868526,0.00000107990375279024,0.34947285931216,0.00060375495574934,0.0409019666093301
"54",-8.52502031570367,0.0462444632047887,0.000000837994827617941,0.340599553338211,0.000540140682646739,0.0400675442017168,-8.93765206120673,0.052046785507995,0.000000750586235762352,0.345526103607337,0.00053881241069594,0.0433758741758253,-8.33848580450072,0.0453729160604112,0.000000823651027697294,0.340856393440207,0.000531014763818808,0.0365920070129991,-8.52823467728185,0.0469322934591268,0.000000699479673949014,0.335960532439264,0.000507086903974121,0.0419613460934082
"55",-8.46277939863664,0.0469085726638649,0.000000629852029519976,0.333902474459396,0.000552606287799382,0.0405951737750492,-8.9489739416552,0.0521786032442661,0.000000482467598183779,0.325502726495891,0.000607412329004978,0.0494426617836094,-8.54574977765192,0.0466160492837739,0.000000657345973749591,0.330629631473867,0.000573637977130763,0.0433933813021011,-8.51443733357226,0.0482023264436279,0.000000673706757849573,0.337226935034037,0.000530306034924155,0.0399413264770562
"56",-8.48235619513294,0.0468143684536128,0.000000576342385089021,0.340902002038412,0.000564589251177549,0.0400214201815496,-8.70006609250697,0.0508716800902769,0.00000031337601809506,0.333899407618088,0.000575887906466831,0.0439536202559597,-8.14551926911865,0.0446985518098665,0.00000047194321135123,0.327974345399102,0.000594228429285264,0.0375242585269821,-8.39418499350219,0.0465194850091042,0.000000509805677552288,0.338839848215144,0.000626676141059235,0.0389535704473544
"57",-8.59370026303713,0.0465987949552142,0.000000712881685222253,0.348797394848964,0.000541751240343413,0.0400970149299596,-9.31254336358755,0.0550577544752405,0.000000629801458027432,0.356632496566996,0.000516567108429352,0.0475854635501462,-8.6839103899515,0.0476663445787455,0.00000057790946661568,0.356218521620519,0.000536497248851436,0.0400984785402693,-8.74482487794891,0.0461807594773671,0.00000068146967384404,0.363139828541524,0.000549589549391285,0.0406939026956633
"58",-8.28378725854929,0.0436384912891827,0.000000448835893545417,0.332451435506455,0.000613031023453895,0.0407229702953581,-8.63267746602478,0.0484761463421127,0.00000049033737369758,0.32548231179211,0.00057239764330257,0.0455972909063962,-8.14048849431918,0.0413753365280667,0.000000559834006481503,0.329315890018851,0.000543783839859745,0.0397182548460238,-8.41814892759337,0.0456880274181437,0.00000036887656114483,0.336031922535322,0.000637589055244725,0.0409159106002399
"59",-8.52375389333889,0.048534078176941,0.00000051992731091355,0.334651316530491,0.000591143981651333,0.0407967953910163,-8.91420603990981,0.0535152196747915,0.000000548861319865095,0.331634074941522,0.000641132574841534,0.045588777919933,-8.48711205177847,0.0477104297322423,0.000000560243826160153,0.336437645858959,0.000637874225517759,0.0399690908209299,-8.43696269442776,0.0470747367029372,0.000000471630377395909,0.328294234784776,0.000611714806325954,0.0422619432630481
"60",-8.50551800189,0.0468292586709331,0.000000652688917391964,0.340341445859634,0.000603474016366667,0.0398935602907825,-8.86666261229921,0.0526107152449512,0.00000053421042731298,0.337627885110169,0.000542967547279047,0.0439053639684324,-8.37517194993243,0.0464952074798323,0.000000510996239379804,0.342819303984287,0.000527634014642879,0.0373385152136256,-8.35273065775669,0.0461932751587584,0.000000600865236781388,0.340395068031601,0.000690829384774189,0.0366819290766278
"61",-8.41168861741676,0.0457863307538707,0.00000041235053374441,0.340157105844113,0.00053778554723362,0.0399225850305233,-8.73031309786503,0.0524729229519756,0.000000241043193413344,0.329621563540572,0.000532002203139885,0.0441958208837129,-8.23911800749589,0.0456597659056194,0.000000318423041789355,0.329490855744592,0.000521535411367035,0.039123351451267,-8.61057216980523,0.0461070436726479,0.00000054524117740694,0.348153719798458,0.00051949180834107,0.0412700527971392
"62",-8.61543720422094,0.0466982072772494,0.000000709031459865218,0.343091121439869,0.000602405235875333,0.0416017306385485,-8.85953559370327,0.0535074182865495,0.000000559284403948041,0.32928709254821,0.000589275149420148,0.0446410154703732,-8.40126205727915,0.0465400596888612,0.000000643707165262036,0.333811959015559,0.000595550512318531,0.0390938420613198,-8.61616187121275,0.0452432298125571,0.000000978311914794822,0.348434816504986,0.00063456039049786,0.0405736638367134
"63",-8.51973504359886,0.0451250092854194,0.000000681222971197565,0.352309885814219,0.000585468211169405,0.0388795122299788,-8.7586314200133,0.0471601795807829,0.000000606044445739216,0.350561114952819,0.000589489256819621,0.0431554628834088,-8.46008771612396,0.0418420791585282,0.000000660733796199061,0.355299392869866,0.000607871073485882,0.0399657762947759,-8.55842260948291,0.0452879293242377,0.000000697008300907682,0.346691227409411,0.000619284107819741,0.0405858136650884
"64",-8.48829871631541,0.0458331921594259,0.000000542327231471039,0.336762243680756,0.000560125924113902,0.0420565515738898,-8.95195782564143,0.0540077198842646,0.000000591452536955772,0.333581919722713,0.000519887643035129,0.0457763493154686,-8.47809542070088,0.0465090867130111,0.000000465635167458023,0.341512318665262,0.000505884959213671,0.0404891884950679,-8.6332662236639,0.0455055882635879,0.000000460830923703515,0.347137975653306,0.000523588513691602,0.0430317826109674
"65",-8.55338726608527,0.0477163857461077,0.000000568976349070422,0.334367199838727,0.000590038169459944,0.0421593891156348,-9.21489351860757,0.0564230978326672,0.000000793439411269948,0.324905416753591,0.000587053993815939,0.0507626443289717,-8.78940660863476,0.0509862579737571,0.000000930924210548901,0.324265672276894,0.000594514338541508,0.0455918154700476,-8.61423632110203,0.0477428072303882,0.00000060127576164114,0.347408917674178,0.000535607526770612,0.0406877802399871
"66",-8.62533294224544,0.0463353679561174,0.000000585894937643356,0.340030244558322,0.000588928253168021,0.0435302242370782,-9.212266198979,0.0502524030850832,0.000000554375845963079,0.350918475517428,0.000523126661327621,0.0510456391583829,-8.64972964017222,0.0430757521850273,0.000000635740388290456,0.351922767532249,0.000540202096791783,0.0441899563542767,-8.63819028372212,0.0445526143423709,0.000000574798467982799,0.340941890722656,0.000669464201641816,0.0453916155000889
"67",-8.34693253693753,0.0461781407401364,0.000000593275383184295,0.33537483981525,0.000580782626033928,0.0385442843317962,-8.75008720762095,0.0504245366422541,0.000000532976869884483,0.326955610157705,0.000548123573643236,0.0462645186094109,-8.25447503624295,0.0451581127730258,0.000000418400051698726,0.331904685226829,0.000559908944735121,0.0390395180686467,-8.39818987359846,0.0496685103745523,0.000000510546160001673,0.322386852999487,0.000601800879950915,0.0398274688140648
"68",-8.41764242855142,0.0470444114807146,0.00000039348829368242,0.33176007450243,0.000548661690141379,0.0412058664027347,-8.99050460605304,0.0530969077168924,0.000000402380998031242,0.3332912369206,0.000519977042764221,0.0484835833875944,-8.64290468320349,0.0481135987435536,0.000000521055272939219,0.337248088455099,0.000517078492855588,0.043764976351364,-8.34965632306757,0.0461124043822315,0.000000387106948037202,0.33228183096715,0.000618134584852009,0.0403946074554924
"69",-8.52246206627872,0.0474229183787322,0.000000389604473848029,0.348287825010862,0.000574116729308371,0.0389058290548574,-9.13004334307415,0.0524941898707195,0.000000347725832662226,0.352859497591739,0.00058959344311387,0.0472111197539892,-8.68680259189216,0.0471300660674883,0.000000406495606974752,0.355552421566007,0.000547816369045382,0.0411279025236371,-8.53967434456793,0.0490928418884028,0.000000509592407998044,0.357208170623518,0.000588230039561464,0.0350884374623744
"70",-8.54632837991267,0.0465075338591275,0.000000696997421112639,0.346214186409599,0.000553988705105354,0.0394901951183801,-9.17990410313969,0.0542295918028567,0.000000897073833016047,0.34904602414456,0.000553963931194795,0.0454766954101991,-8.80823477466487,0.0486391072882084,0.000000964287175021762,0.353161136314797,0.000565803423752719,0.0408169328715853,-8.49050681392253,0.0463939915058102,0.000000578886494639341,0.346809648047122,0.000557586085528452,0.0388637743124398
"71",-8.5390931070643,0.0465942305869663,0.000000689356607806034,0.338790007102773,0.000566894425032966,0.0411367783999348,-8.83481120880392,0.0526618801344844,0.000000810245607741089,0.33181372700866,0.00053476176981652,0.0433007243645811,-8.46800873235916,0.0464513585719034,0.000000929705676731635,0.339458843606267,0.000511500467337771,0.0382050586586531,-8.323714869977,0.0454250146278027,0.000000502541586954149,0.334960008283863,0.00050444359564393,0.0396749340920202
"72",-8.69600276353464,0.0465767329771425,0.000000596334754173197,0.34917892769217,0.000611724482404911,0.042326831775943,-9.1272273695476,0.0525263748344046,0.000000510035158127827,0.342525612709825,0.000637788854284025,0.0483998973602116,-8.70117403383788,0.0465902345580268,0.000000532199219826968,0.346779415166233,0.000605391202550949,0.0432211627915343,-8.5377753223363,0.0419082852379355,0.000000599780815284121,0.34253762929119,0.00060458906384186,0.044665280731993
"73",-8.50361197204022,0.0463370660819404,0.000000785220924726362,0.339174577312147,0.00058214218903618,0.0400524214815999,-9.07224213786416,0.0532030546954623,0.000000810571764625767,0.332908612804672,0.000590814509461683,0.0480876767036084,-8.53967489943594,0.0471974561917994,0.000000966064553204527,0.331897798699716,0.000589571685336801,0.0410129763375269,-8.62953563614617,0.0458947010359664,0.000000833331143699437,0.345300998666587,0.000605318528449233,0.0415386185898564
"74",-8.72162309852553,0.0474231705880886,0.00000065122599395567,0.34157903812537,0.000586012835138576,0.0436935686032423,-9.44463906245421,0.0561928223083245,0.000000576824213236929,0.342998789078768,0.000618942176298595,0.0523923336780506,-9.00434875015909,0.049951844684239,0.000000634314282575784,0.344226719427052,0.000565769046800218,0.0476672864698215,-8.64173125677285,0.046599388089506,0.000000471150861930273,0.340187235461412,0.000684180969657296,0.0435863704735496
"75",-8.42044727500806,0.0473686564434928,0.000000656259943349284,0.328753958692595,0.000566407088871503,0.040541349647724,-8.93302446512442,0.0535406822070199,0.000000629392689442859,0.3316472399075,0.000610840413962318,0.0458022103282313,-8.50270555054811,0.0470271913284929,0.000000806302210828303,0.33879011953524,0.000646290986467856,0.0393209981718007,-8.33273311826507,0.0498378552577586,0.000000600884576850524,0.312446030140799,0.000535818899247867,0.0406124210316818
"76",-8.60051823300911,0.0469173417448291,0.000000607355826596698,0.342116824182584,0.00055288597705263,0.0419109729723153,-9.18083274453195,0.0523923262839721,0.000000704854584543602,0.349095818483201,0.000575805347018538,0.0481807075808948,-8.65819184547811,0.0463039577395135,0.000000769783599330644,0.348972966901944,0.000576204722607031,0.0415387326072945,-8.3781358066042,0.0433268523695606,0.000000460368111448877,0.346487470668373,0.000510069288373624,0.0405186724779763
"77",-8.75002426395188,0.0480835714205993,0.000000926178694769277,0.340198656399294,0.000540368804353806,0.0434640695216489,-8.98816553805836,0.0518180239107511,0.00000104226388128788,0.326253169561268,0.000512405838929121,0.0482326370703839,-8.53446263021899,0.0452867356003056,0.00000110014398004589,0.330533295299776,0.000528767020383752,0.0425446259273165,-8.93170606160927,0.0492564553602458,0.00000106547391319506,0.340403829981778,0.000538332506885867,0.0461519720247718
"78",-8.61333405515548,0.0459476303396837,0.000000809205645272312,0.34063029480297,0.000555089453843737,0.0425902531843609,-9.23434347040294,0.0528246870943617,0.000000800250232222922,0.346823331105652,0.000561525548155588,0.0491195921065562,-8.75563551482205,0.0471015489945756,0.000000870519224269321,0.349883607379728,0.000593993177902505,0.0422547206698031,-8.63671003744074,0.0443109552423524,0.00000072213239781325,0.348848602968372,0.000464300792759834,0.0436343292835909
"79",-8.52531601663584,0.048259627523854,0.000000621133264082075,0.332910533417205,0.000529482988853909,0.0414719112213247,-8.94775938192874,0.0522198220347202,0.000000851959950519764,0.336113303600279,0.000608974863344896,0.0453022412426113,-8.59642832597129,0.0480167421221275,0.00000100694262434267,0.334711500692312,0.000610680679056901,0.0408777945861391,-8.31674513325546,0.0475162357205077,0.000000677650519606187,0.3178489310348,0.000593595072173092,0.0406019728352797
"80",-8.39292231147225,0.0456649182614439,0.000000577868037189114,0.327443686701119,0.000537919514329044,0.0419907393983252,-8.90627662966611,0.0520349712266886,0.000000504188834711008,0.323404848779641,0.000526656803491526,0.049205891954894,-8.55888615891124,0.0482776997928961,0.000000535476340113095,0.333259719220503,0.000508310968840735,0.0422565404410919,-8.53777975161501,0.0467835014661505,0.000000623104272119902,0.331909382117664,0.000535811221182145,0.0435424225502216
"81",-8.51204508740845,0.0456459441882547,0.000000555653281672322,0.345391197513805,0.0005412292449247,0.0404646986446627,-9.01269900399724,0.0521392185001936,0.000000349873383121701,0.347044341108596,0.000466142070128376,0.0466775470295974,-8.54608185642575,0.0463365201347979,0.000000528162656190861,0.34856370673165,0.000526030460610181,0.0401286643921934,-8.50637170331799,0.0452605850908283,0.000000617703237480571,0.352083243178748,0.000500328051552809,0.0394282230040831
"82",-8.4855858045632,0.0481184720360284,0.00000040452258735332,0.330627807657948,0.0005542311129913,0.041939747366649,-8.79340136871985,0.0511549573013025,0.000000440085801820764,0.322599393035943,0.000548621091291606,0.0478290510546187,-8.40559854177419,0.044852109476696,0.000000508364158324239,0.32930373791323,0.000546465712522492,0.0430256311523775,-8.59481838669708,0.0487439489491467,0.000000505057362694164,0.331453279884053,0.000592390216819883,0.0435590869159951
"83",-8.53513224208562,0.0463177794419494,0.000000927881338060607,0.33559735457557,0.000595598447127868,0.0409337924215096,-9.14576640233749,0.0544500302383368,0.000000977718148266979,0.334272123513201,0.000639161704527917,0.0475208269586976,-8.79296733123019,0.0485902336285746,0.000000958640412718686,0.337850706025076,0.000618937751597649,0.0441513129184714,-8.4178115444862,0.0434414315164872,0.000000902469755299751,0.343474571411902,0.000610177581082739,0.0389900672618658
"84",-8.43129156090993,0.0460254732377647,0.000000615633634335679,0.337088575856172,0.000602157782672218,0.0398753058084351,-9.13446039610799,0.0520863483281832,0.000000697388624210189,0.337051103518179,0.000575310033605519,0.0502563773922632,-8.69566363207495,0.0475025895308094,0.000000614195473006416,0.338982504790088,0.000592212510990419,0.0442463224674458,-8.18650224406775,0.0431500131725426,0.000000404871489630142,0.334486443126756,0.000562305716173995,0.0389287593065512
"85",-8.57034252765923,0.0493589480149095,0.000000593905320662957,0.330273817323703,0.000537146288738678,0.0421196913938282,-8.88111750493962,0.0539493301459026,0.000000432941903600418,0.326766504108882,0.000565549752891366,0.0462264030950887,-8.38276706728922,0.0486501116020638,0.000000368736031903271,0.327234548972056,0.00054760954770164,0.0400737025228594,-8.68487337630186,0.0515299913282419,0.000000811468321891777,0.324944674935363,0.000528052408524744,0.0431059749288412
"86",-8.48239772271847,0.0461049774425532,0.000000598181305984538,0.340588944387998,0.000495820262841958,0.0405008563668166,-8.93184882860868,0.0535762094182411,0.000000604101360006421,0.33353778740379,0.000515778816561803,0.0455035356857393,-8.53897512419865,0.0474641668936073,0.000000613197476218719,0.337223163823747,0.000491782520073456,0.0413144221375976,-8.59284356869498,0.0485966828385873,0.000000780389531378313,0.342195445973932,0.000487412436103773,0.0400241059749267
"87",-8.36859354130511,0.0436568357832777,0.000000464906779289066,0.332413527892461,0.000565345023473153,0.0425581010125047,-8.95992963526056,0.0473187312489396,0.000000289037884275814,0.331005403986819,0.000581284827758925,0.0542360428228542,-8.62395134567268,0.0424427561031639,0.000000283868058822724,0.341401316115525,0.000598134611292453,0.0486416899661103,-8.51108745346619,0.0438560434393598,0.000000234684485000815,0.336977700788358,0.000581541855549034,0.0452458816154178
"88",-8.68913292873629,0.0458881823602417,0.00000045868738687551,0.349168975754198,0.000579934135408521,0.043641965886896,-9.17877980553301,0.0509040645681561,0.000000455087802157539,0.342563988239478,0.000632583883836919,0.0519724575691123,-8.82022256931332,0.046135979929134,0.000000454901058612626,0.345204834542773,0.000624547827670946,0.0477139692328557,-8.68553713251804,0.044525105891817,0.000000265213424944416,0.358762216647544,0.000592440558596942,0.0433354927560351
"89",-8.68777430224725,0.0474337528168155,0.000000711598823219707,0.344506228883542,0.000529232231653858,0.042587403140539,-9.08047369853676,0.0514383242527606,0.000000611137584498343,0.344911327380997,0.000607860352337169,0.0479482325086086,-8.68138908192327,0.0450467344254376,0.000000736395250302728,0.348269963393123,0.000622308686925743,0.0432556043848414,-8.53395957871859,0.0462749733037886,0.000000698275745430182,0.33848847251365,0.000465452207876668,0.0415612959185443
"90",-8.38764719359022,0.0458892025703629,0.000000359068724591887,0.335017002240339,0.000561203114888741,0.0408997593854753,-8.84532924337865,0.0495549705183381,0.000000403233975862382,0.340180844102199,0.000608025580659679,0.0466911333841488,-8.39187910100836,0.0437656658943317,0.000000465388707861075,0.339747960105366,0.000599448609684185,0.0415669482768921,-8.18818664617302,0.0439690452689302,0.000000443009753534939,0.334797789160493,0.000584172129388596,0.0378583995628967
"91",-8.34655783918968,0.045566400025884,0.000000382600487797764,0.340173944029916,0.000598269017729956,0.0386544573920984,-8.65537109451727,0.0492836813461864,0.000000306559209701322,0.334300595526497,0.000552342033584238,0.0442286925204271,-8.3114215063963,0.0438095956466497,0.000000274380450458857,0.340151111187478,0.000531518525297995,0.0401769525209046,-8.05501419561518,0.0439134648253094,0.00000046015507703028,0.323668988983578,0.000571818873000359,0.0378694424645144
"92",-8.35979141268876,0.0462422074802207,0.000000481544633422399,0.331601769007273,0.000519718821428675,0.0401581205047602,-8.59953203821966,0.0490351300158219,0.000000505734482409621,0.322106059199189,0.000513877729378529,0.0450451031146787,-8.05757998298199,0.0429090765023692,0.000000487866213800006,0.326510803405287,0.000476520126516042,0.0372494997531537,-8.06283964407046,0.0449759083391241,0.000000379589369690637,0.320663415704415,0.000600194268950952,0.0379199020994167
"93",-8.53581716200473,0.0466559258265599,0.000000643382161771281,0.33614071000578,0.000535079760339853,0.0420135361360544,-8.87572031512414,0.0521163008155392,0.000000505583407940069,0.331100439573489,0.000623285622696853,0.0465108072452258,-8.37730772851111,0.0462847328533955,0.000000591190973254867,0.338784905262951,0.000654767172978479,0.0382156511166311,-8.58190535086631,0.0465595575153153,0.000000426290427191378,0.334493168484615,0.00054911989134323,0.0446340904283711
"94",-8.60759627686427,0.0466044907696328,0.000000565137274076248,0.347923167315539,0.000481390709786432,0.0410908835355983,-9.23455377971815,0.0530583417980023,0.000000522545192672007,0.359511976680153,0.000497698077718046,0.0470838134868557,-8.70142899946485,0.0472406350416567,0.000000423052463065007,0.358418325502917,0.000479086243312937,0.0408649575344302,-8.7188692894324,0.045505864310917,0.00000045705552575965,0.35238559629579,0.000523027987075996,0.0432795917085286
"95",-8.62553202721061,0.0460318615142519,0.000000426000364712584,0.339915716765296,0.000562352314908266,0.0444794298608789,-9.17685278067568,0.0514412332329139,0.000000532941355906763,0.335873123912989,0.000591544532854385,0.0526233405116387,-8.78696018262482,0.0461882879324687,0.000000646083549050112,0.339943972997009,0.000609094469852324,0.047111083136163,-8.57733672537354,0.0452501929880265,0.0000002729701818488,0.346310222861512,0.000560850319993682,0.0432903069195267
"96",-8.47521386698561,0.0462631282464276,0.000000696326453859881,0.327550240436058,0.000595769039937973,0.0424359918248319,-9.06301778723279,0.0528990580223359,0.000000606085404732679,0.326377707234484,0.000672499173553428,0.0505841481110639,-8.70955165816355,0.0478569000655036,0.000000588201069199724,0.327913021995483,0.000674508360461838,0.0468361365587261,-8.53182710765657,0.0469880289962928,0.000000758120452623649,0.328244553090416,0.000613102740208123,0.0429713920063548
"97",-8.60537552014323,0.0481011524073121,0.000000642001763536354,0.337667497270701,0.000547459160203419,0.0417798216576094,-8.96138552308878,0.0543182834300294,0.000000425793428516424,0.335107799601549,0.000533414218941094,0.0457134446121512,-8.51640020339848,0.0485828718885052,0.000000510398549481098,0.335888248368477,0.000502220648131995,0.0404524884271982,-8.80056430553295,0.0476648848705482,0.000000846835209096198,0.341664392462361,0.000494858039853751,0.0449133310150613
"98",-8.63474065697056,0.0473175658613805,0.000000579852811956449,0.340108986042052,0.000554023716084451,0.0429507585017608,-9.0964073720732,0.0547212508937777,0.000000377481177881342,0.339357747834347,0.000582901533009862,0.0476066536799594,-8.72418363085919,0.0492700258454125,0.000000630039123397557,0.33962833887364,0.000608229033964959,0.0428771812053562,-8.71637958336743,0.0465142029196976,0.000000861377388020979,0.3395626992103,0.000581407922873588,0.0444630737668309
"99",-8.51447588567908,0.0454548547098171,0.000000698428705305451,0.332948879688952,0.000576876582805682,0.0429017804863972,-9.03196839898014,0.0525922911804979,0.000000690305180221669,0.330336127563306,0.000625968585450713,0.04882746018805,-8.71307940270848,0.0468100996675995,0.000000810837314960574,0.332437261578647,0.000651998473297829,0.0457999176239519,-8.66394110006803,0.0474055776600468,0.000000673770003231033,0.326880180388912,0.000599094548256583,0.0463370789070394
"100",-8.62817300269998,0.0474651983955593,0.00000061484146319919,0.34377219957514,0.000526099252689349,0.0419196392243727,-9.00824734276485,0.0521678041139624,0.000000422306536834368,0.342178418239057,0.000514707734069697,0.0474703107631727,-8.43641258530101,0.0456596816828335,0.000000410136666189691,0.336584445395082,0.000476054778799552,0.0417327449394003,-8.48907169624533,0.0466103087092743,0.000000573267626782041,0.342204435005174,0.000463707241432566,0.040371031760879
