"","intercept_logit","age_logit","fnlwgt_logit","education_num_logit","capital_loss_logit","hours_per_week_logit","intercept_cc","age_cc","fnlwgt_cc","education_num_cc","capital_loss_cc","hours_per_week_cc","intercept_wcc","age_wcc","fnlwgt_wcc","education_num_wcc","capital_loss_wcc","hours_per_week_wcc","intercept_lcc","age_lcc","fnlwgt_lcc","education_num_lcc","capital_loss_lcc","hours_per_week_lcc"
"1",-8.48309815713636,0.0470142163195275,0.000000619474558040285,0.336930874331404,0.000562033702787603,0.0403253675239028,-8.8627286253161,0.0524344362740644,0.000000623136141334991,0.333649228010729,0.000534502745736767,0.0448414813803752,-8.36072066247459,0.046214576718548,0.000000634606786311154,0.334372005709021,0.000537251522236678,0.0388576751801682,-8.54745588960379,0.0487176236613221,0.000000610903341528034,0.340859902612291,0.000501112875514457,0.0387674320182554
"2",-8.52987968527971,0.0471826662773396,0.000000545990162860009,0.337146949862229,0.000576861194980449,0.0414428177305182,-9.00972733844418,0.0550376656247541,0.000000578807264204985,0.332611341429093,0.000588844974716009,0.0461003917181556,-8.54666899177288,0.0493038920949819,0.000000646701390490828,0.331471261813663,0.00057403150418847,0.0407972523182756,-8.62368229755667,0.047304811512877,0.000000430735046312677,0.341603077743302,0.00058832627814929,0.0424928770171212
"3",-8.54955176038722,0.0468389501635568,0.000000654169639085101,0.339569215964781,0.000573933516107101,0.0412018995665033,-8.95334925536973,0.0507091029594173,0.000000703627482461752,0.338898596474374,0.000594330259128216,0.0466807307029896,-8.47782650459171,0.0446473578657943,0.000000751627102831921,0.340182732746396,0.000589252457344437,0.0409154159252747,-8.72416094134135,0.047214611627074,0.000000820260452829025,0.346521045973126,0.000585669831970728,0.0419957806742276
"4",-8.51946607841979,0.0470762289819509,0.000000657115054415635,0.337012219944844,0.000556155003474338,0.0409529060273355,-8.9966661132284,0.0538697811138835,0.000000636215260461474,0.334029539509429,0.000602384838410642,0.0464772010760866,-8.48786669385016,0.0477064268525276,0.00000066976623509683,0.332293152780525,0.000595453020586719,0.0408054264977941,-8.56751510127401,0.0458236144390638,0.000000557549431499954,0.341082581535586,0.000521554250825653,0.042410982343189
"5",-8.51423898026213,0.0470292111472222,0.000000579561981442315,0.338896890149775,0.000571244473534476,0.0406857650247723,-9.03103574479842,0.0541346360978155,0.000000686498401735787,0.335812647321052,0.000601940824733705,0.0461971525544593,-8.57396122880304,0.0483421689626963,0.000000757992837940216,0.337761852743544,0.000593134023331616,0.0402955829089763,-8.4796713022259,0.0446688518297891,0.000000599209143912931,0.336875504422075,0.000618732081809079,0.0417782064120891
"6",-8.5515902654512,0.0473384875811751,0.000000534921381827185,0.337457235979532,0.000573548498686098,0.0417583584145586,-9.08308244489047,0.052150439587013,0.00000070292678763138,0.344327704956665,0.000561317264423241,0.0472147410350455,-8.61315259251702,0.0461341148180661,0.000000706516469785893,0.346463408391774,0.000559612049871648,0.0414817689799603,-8.54797636018339,0.0454996733191767,0.000000582353139553559,0.3474361471737,0.000582280398018477,0.0401660457370639
"7",-8.56627682680084,0.0467054512396168,0.00000056781769208127,0.342780788962369,0.000561255872322216,0.0412760598564867,-9.14103938371331,0.0539886270262849,0.000000773324965052952,0.347449943975497,0.000552635993771551,0.0459568817203474,-8.65199546158361,0.0480649428556036,0.000000832063126286551,0.347470735885608,0.000555656870042816,0.0399202534620877,-8.52355210905102,0.0472059471120601,0.000000309203812848818,0.336127826786843,0.000563796549106655,0.0420647780486357
"8",-8.56234428618676,0.0470931610996656,0.000000591202415080632,0.339255367793616,0.000572382335466456,0.0415872346044617,-9.00367339451435,0.0524621445173705,0.000000524545416609595,0.339670103857303,0.000608980102789471,0.0468907448409377,-8.50837123069391,0.0462340940466173,0.000000536236337761545,0.340192013861902,0.000594749786326975,0.0411627590123886,-8.62603644399919,0.0457211112408396,0.000000605071334637726,0.347705597378343,0.000560193150154259,0.0416928446493618
"9",-8.52982099959571,0.0472658128424524,0.000000635635894866047,0.337894914230985,0.000572268266295939,0.0407352389493147,-9.02412088385976,0.052876603539245,0.000000626550707353181,0.339868175638214,0.000611715718453409,0.0464559112176094,-8.52688325411144,0.0466030945944391,0.00000067172367984715,0.34089957803713,0.000608682486983656,0.0404221341464985,-8.68967651422302,0.0487269905723312,0.00000074097278669359,0.346069667745812,0.000554870269637375,0.0398452792574747
"10",-8.5495486345251,0.0465662913457649,0.000000659049641338841,0.338944936575718,0.00055377909823388,0.0416567347584871,-9.07669770943261,0.0528783612229059,0.000000590745145259781,0.34388591772016,0.000546450786317058,0.0471827212996156,-8.58302891656113,0.0465310496053738,0.000000637235832004705,0.345149088518405,0.00052810039837205,0.0412702725766226,-8.67544712756813,0.0464363225546241,0.000000871167114932975,0.339605354834255,0.000566707993312885,0.0432231731970587
"11",-8.60713445337544,0.0476924662345548,0.000000582346367160288,0.341913468309209,0.00055273137689746,0.0414550645348835,-9.00229387826647,0.0521749136256525,0.000000525544280224381,0.337890599559618,0.000552006930317788,0.04747697575508,-8.50342560793389,0.0459178280591166,0.000000569600157977627,0.338922123601686,0.000539186111225619,0.04145073632714,-8.7645675081882,0.0481106211033296,0.000000510502333555898,0.345908749235308,0.000557987112995313,0.0435055087220311
"12",-8.56447356887217,0.047329335481948,0.000000605062058087916,0.338474761027755,0.000575324137245117,0.0415671533744748,-8.87834617522784,0.0526824513187011,0.000000308912603902629,0.330321457414705,0.000581891873491314,0.0467519964327645,-8.44600552051439,0.0468928758045547,0.000000353995702420506,0.332369983839846,0.000578171177281446,0.0415164394329006,-8.75391122166773,0.0478869576020014,0.000000730549878904171,0.345958610591541,0.000532951301812976,0.0427646995408483
"13",-8.56096673175179,0.0475251408220108,0.000000605153975028149,0.339668861185253,0.000575344837623376,0.0408839897377371,-9.06394758936381,0.0523993908186403,0.000000545018386463086,0.339244574446405,0.000567967238570488,0.0483392660894405,-8.5653464085065,0.0459530008253882,0.000000568375852923516,0.341611277026055,0.000564829700214446,0.0422053644129328,-8.66387632115008,0.0483805542109551,0.000000363356318567855,0.346905777209496,0.000603449268253408,0.0412066898689324
"14",-8.52351558312151,0.0465381049440291,0.000000613198952241925,0.338324933895855,0.000569727745404907,0.0413595745202946,-9.25532387716121,0.053799595541965,0.000000591263412507998,0.348415010851105,0.00054463844862567,0.0494607458578083,-8.7847295441416,0.047894869200022,0.000000667278610062698,0.34979292901195,0.000535909419225665,0.0434738174693831,-8.57278031711936,0.0458457266966613,0.00000062269014556135,0.339339018893424,0.000588219721223443,0.0421232046345765
"15",-8.56833002030027,0.0469867437700195,0.000000578966915265693,0.342629238177136,0.000563394128465836,0.0411034770666583,-9.02660425711108,0.0534034944339906,0.00000045267502182166,0.339541530912917,0.000531522221364806,0.0471045561840049,-8.53266582820339,0.0473625575296507,0.000000476280405121492,0.340392582027051,0.000527559307247653,0.0410378550868745,-8.63717236780792,0.0473718524352922,0.000000545443414118433,0.339577274927687,0.000598476033583728,0.0423672459766576
"16",-8.52654827139754,0.0469402642816856,0.000000623469493803038,0.337326377750095,0.000559809840960378,0.0412501571439095,-9.07568188829861,0.0531608289021763,0.000000407907646823093,0.337309948662764,0.000532307778802803,0.0493151720251738,-8.6015087823923,0.0471774893604439,0.000000466502403937903,0.337277387571145,0.000518056164093973,0.0437476017876256,-8.64792418297951,0.046318728433178,0.000000680536874041782,0.346627279079345,0.000562342174692229,0.041940878669018
"17",-8.53958698810004,0.046499855170242,0.000000603581786265162,0.342322794948818,0.000555301519480223,0.0407280696706611,-8.88127021674757,0.0517037660024664,0.000000535387614574216,0.336111279472705,0.000593801541176429,0.0453032453701431,-8.45085649314325,0.0460664823503023,0.000000591839866418097,0.338643408464742,0.000585477618459048,0.0397918835644935,-8.59094829888745,0.0471407573799715,0.000000683827322781,0.336910410279422,0.000542717484963498,0.0419020381492405
"18",-8.60661727851393,0.0480396103407464,0.000000637350636792455,0.340035495520217,0.000582606898510923,0.0413750092979047,-9.10016959945435,0.0550450867778741,0.000000621499736857165,0.34045364822917,0.000560460531309376,0.0461975039790304,-8.6482980974387,0.0491636859870181,0.000000712930018143236,0.342792555085589,0.000547558585558806,0.0403148651776155,-8.6260491636104,0.0471702720400299,0.000000734719800321319,0.342900787566644,0.00058277216944256,0.0410227325552521
"19",-8.53183437370145,0.0469149240129892,0.000000561812667863746,0.338729847589509,0.000560090498806353,0.0412524599086593,-8.92875285775612,0.0539041166959617,0.000000423742935390015,0.330857000999708,0.000587040136001888,0.0462502038925149,-8.42961318081561,0.0478278353273265,0.000000403507221412306,0.330302123660977,0.000589748993100393,0.0406498207784448,-8.70254551238745,0.0482809258151585,0.000000641775686529579,0.344652700852742,0.000577783696053762,0.0415082645355629
"20",-8.52797575890762,0.0464799503455402,0.000000626246329525364,0.339192453972577,0.000590154679474609,0.0412387007203841,-8.89448857077494,0.051989362824925,0.000000470898130450135,0.336780587626058,0.000596559075345574,0.0456856872008978,-8.40341169053,0.0457922721860289,0.000000497454216647748,0.335859068162128,0.00058822845572125,0.0402958039163295,-8.5548037912873,0.048012542457771,0.000000550236186485324,0.338894797012342,0.000557492599948395,0.0405894037940255
"21",-8.54133572253292,0.0474423243419965,0.000000665302356319356,0.335974275971594,0.000569179626655571,0.0413061413138344,-9.0860668586108,0.0550217166335395,0.000000631954165409777,0.33630015682695,0.000578561916361467,0.0468378573838778,-8.6469461087161,0.0493656795729977,0.000000676842793704699,0.33958260997157,0.00058345139024734,0.0409784622740254,-8.62609434984262,0.0464062327132841,0.000000684314507791962,0.342923978792577,0.000582931775217998,0.0422179578131999
"22",-8.60119642649566,0.0474043867475827,0.000000623171510460606,0.340918427939032,0.000566560281729533,0.0416852506691723,-9.04073070197386,0.0518659745071242,0.000000552831587061862,0.339201133884997,0.000601649451050132,0.0482368274658032,-8.60638535479701,0.0458971862570092,0.000000630858153235608,0.342460069711336,0.000601221800771427,0.0426633522356321,-8.61863462658142,0.0469087435266743,0.000000758666088880943,0.346243558969917,0.00053515158674655,0.0405040601929684
"23",-8.59062387677769,0.0466995671223917,0.000000549174844338949,0.34374606739945,0.000568328434419738,0.0416069645817352,-9.03052808943242,0.0530109034595584,0.00000061113002673042,0.343752503810246,0.000578993414237484,0.0455679023923473,-8.56747014914367,0.0472619141297549,0.00000064358251997694,0.345765910379742,0.000571983334412473,0.0396560275621599,-8.73785596533849,0.046888837844306,0.000000700529949761313,0.350627154107921,0.000543457103361058,0.0417414361704107
"24",-8.55757539235947,0.0480837022651773,0.000000566797749337489,0.339094377923188,0.00056584240918359,0.0407024146129608,-9.01395816557431,0.0541421882538639,0.000000551836300841409,0.344416612628498,0.000590809545840896,0.0443115094946827,-8.55229090387501,0.0482313781287227,0.000000612282954967174,0.34549545997078,0.000595414833994601,0.038666456128444,-8.7133473677161,0.0483704039629067,0.000000699193326686804,0.347152331038005,0.000505259696470399,0.0412436729505498
"25",-8.5676176317292,0.0469091805633831,0.00000060676397794381,0.340677746787727,0.000567666389706047,0.0415258961772777,-9.13768748291864,0.0525710374780101,0.000000474672765744465,0.346052952276409,0.000547691564665923,0.0487490149849567,-8.64755069273178,0.0464510539230071,0.000000496993995217335,0.347779213748632,0.000545761383665522,0.0426531851749625,-8.60681660622422,0.0479954622137524,0.000000453367417858149,0.3453755455907,0.000551050074705649,0.0405820230271129
"26",-8.58328994844246,0.0472317722763246,0.000000613084515454762,0.341399437239136,0.000555634806651704,0.0413283941834413,-8.9890410425349,0.0530780275850542,0.000000615089436158474,0.333880121311853,0.000580223918407029,0.0468384243879779,-8.53823146702845,0.0470845274684889,0.00000067854669328552,0.334956846142261,0.000579050556019892,0.0415174169805066,-8.7662832499868,0.0500474716813131,0.000000661859215508174,0.345079741519188,0.000545196645584851,0.0414642765567908
"27",-8.55850609499107,0.0475294438520196,0.000000640643300782849,0.340311543137115,0.000542570787575018,0.0407147867499638,-8.77660284127729,0.051127746141448,0.000000601006456730374,0.33586221832042,0.000579494209878416,0.0432541523800511,-8.29043168842319,0.0448674707707781,0.000000619095621993122,0.336675765490577,0.000581422288915255,0.0376394083353429,-8.51746671323806,0.0486302709274937,0.00000044955416873343,0.347534355387856,0.000528489927508924,0.0376527103894674
"28",-8.59158444361781,0.0471648033704405,0.000000576648721444426,0.342800354908261,0.00057094301152118,0.041433051400386,-9.10480976112676,0.052749051131121,0.00000044401054120454,0.350527926191254,0.000555448782287647,0.046755596601859,-8.68129635112442,0.0470435732564698,0.000000523681016010935,0.353870386441061,0.000551748227262894,0.0411702489654991,-8.65114140533916,0.0470554635816687,0.000000452146206731381,0.345679735036417,0.000572404700661643,0.0426180751002037
"29",-8.54946361084984,0.0472954963091849,0.000000624228158649251,0.337996670984675,0.000559068344325007,0.0413186908005776,-8.89979658596696,0.0521456908729825,0.000000526470628000644,0.331646836333319,0.000549118705736224,0.0465909397036783,-8.44739239688689,0.0461946321164567,0.000000559624063046368,0.335071954451029,0.000531248410003283,0.0407766190986683,-8.68871520333596,0.0478078313286264,0.00000045598532238796,0.34689789861117,0.00059059358196365,0.0419796109999706
"30",-8.56233852453411,0.0469825883357416,0.000000641247506458115,0.340177180472795,0.000577878134139248,0.0411976570345,-8.96131788676547,0.0528032231426326,0.000000691818682490447,0.33806860087413,0.000555079783573574,0.0453056889752446,-8.47488494519273,0.0467743616613055,0.000000739098677269432,0.339791454987848,0.000544949055587067,0.0391094749284375,-8.60471827047631,0.0474733789332959,0.000000592659669703302,0.340387347537866,0.000586484322247255,0.0415468765570925
"31",-8.56386581963014,0.0470919806479504,0.000000593109948036364,0.340373890249966,0.000571430294786322,0.0413582366840635,-9.14270161234109,0.0532412613582472,0.000000486801565624959,0.344783091549072,0.000600599249458651,0.048447940068819,-8.68094294518992,0.0477056646137404,0.000000475953568806438,0.345005358916907,0.000603810365786745,0.0429411818384169,-8.60020824289039,0.048069237313522,0.000000489294120791291,0.341113356044234,0.000599185798806545,0.040849964482416
"32",-8.51230929117357,0.0467282485527927,0.000000513201008056078,0.339294881551713,0.000570164871701836,0.0411239002450789,-9.06111519806853,0.0537006208210303,0.000000521021304068667,0.33664160002799,0.000569267814123037,0.0479880560545349,-8.59492017345525,0.0476723302916007,0.000000579638609359909,0.336869526510391,0.000566748414368267,0.0425685283068315,-8.45000645917839,0.0457895315475948,0.000000547134284455103,0.341682150493153,0.000553064458840898,0.039166123389585
"33",-8.58137552226319,0.0472258206834485,0.000000572313301629514,0.341427621292701,0.000556192807440477,0.0415068926883698,-9.12691141231395,0.0545525944125036,0.000000476154078798459,0.3407348661284,0.000508588838009696,0.0479597248971808,-8.67817377641322,0.0486853721162839,0.000000500644483311984,0.342888729158785,0.000511244616324824,0.0424342463446606,-8.48133925800493,0.0464670963788614,0.000000429228332490867,0.33936890419906,0.000579729911868138,0.0407064436860773
"34",-8.55644547824146,0.0473098413028115,0.00000058553485077811,0.340927469627034,0.000567185726855347,0.0409154691033086,-8.96781273367193,0.0532123769295048,0.000000389965744411385,0.339059708418745,0.000569750370933516,0.0461099420804872,-8.49234438268958,0.0471812177889242,0.000000397178739731392,0.341169742538594,0.000553372330560899,0.0402744135156112,-8.61548249059777,0.0472835314806469,0.000000596346436938825,0.343789379046799,0.000548348161019127,0.0407702378803855
"35",-8.51600141311002,0.0468346738006551,0.000000577888913020312,0.339499771628822,0.000572265169157897,0.0407312939988466,-9.08595962117409,0.053950462875283,0.000000579460897264455,0.340952541467621,0.00056915236701948,0.0469341967060265,-8.61750180154412,0.0481966304835712,0.000000608498874884574,0.342440489643549,0.00057161939691605,0.041014828871512,-8.65135876635832,0.0482733782479192,0.000000365121086524503,0.34880290686549,0.000567796136311644,0.0408583910401315
"36",-8.56981157568283,0.0469627371013895,0.000000581474082891677,0.341128817198481,0.000569828309894059,0.0414079990736547,-8.9471557255207,0.0523643839316024,0.000000559118095357378,0.335031434431715,0.000586647905813092,0.0465158987003592,-8.45479665023617,0.0462827280286476,0.000000630564484929189,0.33555301575942,0.000575952219463998,0.0404457966090482,-8.53705381691325,0.0460989929149469,0.000000701322025464647,0.334618370921405,0.00057612124402284,0.041894731122757
"37",-8.55385140243445,0.0470882266434227,0.000000621640347701563,0.340972973709594,0.000561696033072209,0.0408757245920463,-8.90979341009053,0.052120435286952,0.000000580567340775171,0.334176333872785,0.000538925944229564,0.0460812690744867,-8.43958881744552,0.0462177440153819,0.000000631761242617942,0.335279657697967,0.000537309068534965,0.0402712151352318,-8.6599391625337,0.0486346612314681,0.000000572858830003626,0.340564332924274,0.000594649896859246,0.041742559818666
"38",-8.53838391857064,0.0469427578028046,0.000000602094151505522,0.339925567555626,0.000570294167407716,0.0409182864416576,-8.96696489594645,0.0532849924713705,0.000000534507584989337,0.334945491144544,0.000612661662743543,0.0463776784236117,-8.44262796487523,0.0471056226285913,0.000000561112115489197,0.334529214473448,0.000610139631148185,0.0400681110359499,-8.48847683739833,0.0468755698053342,0.000000812207278052445,0.338645780781313,0.000574818984684873,0.0395520045113665
"39",-8.5279714868893,0.0466631227424668,0.000000612513010269434,0.339356017030796,0.00056523980668292,0.0410259415449962,-9.06496522225349,0.05238845279176,0.000000489535856130168,0.346077421257896,0.000556577944430213,0.0470231607165692,-8.62531186754026,0.0465722244276814,0.000000550439111092107,0.347894291142807,0.000546399098308812,0.0416558103308348,-8.6234451129626,0.0480367348285443,0.000000556461626991413,0.341247050218951,0.000583073063682113,0.0409389336128931
"40",-8.56663502943892,0.0470426992641603,0.00000059838744775244,0.340327513003523,0.000544038332198064,0.0415448905816779,-9.06993649125885,0.0534226234352907,0.000000597501652416092,0.341719360066472,0.000556286071084703,0.0468887571211093,-8.61405648825867,0.0474385953914468,0.000000698009818275422,0.343328146404399,0.000555757645514153,0.0411285125276726,-8.63549932007123,0.0479543906980717,0.000000471894343435475,0.348282691801281,0.00054165087664834,0.0404538949634176
"41",-8.55930307452374,0.0472552694750861,0.000000603551120166056,0.338636857445557,0.00054373194927571,0.0414932451963367,-9.03258810915143,0.0531298803583017,0.000000452289821414566,0.339163110335197,0.000591826961243786,0.0474494272615976,-8.53326274241818,0.0469726036974872,0.000000473265434703425,0.338888317182158,0.000578176927471342,0.0417114363804436,-8.59021617879826,0.0476084387826858,0.000000727316614859395,0.342449574249656,0.00053592283709018,0.0400415040490116
"42",-8.53161404543231,0.0469665779892232,0.000000550630171815613,0.340193960330866,0.000564895237276629,0.0409291970431805,-8.87295260332882,0.0517713425532093,0.000000435195311911347,0.33791971731374,0.000588736017526987,0.0452475772738478,-8.38511398701937,0.0455321209038096,0.000000515544630374876,0.33922741522458,0.000585842267371896,0.0391841859371706,-8.57731129493604,0.0485424806392812,0.000000404855618206678,0.342137631401351,0.000517745855597184,0.0403566594266906
"43",-8.56443849008327,0.0469459062022061,0.000000598570155871076,0.34055047514484,0.000559255481823924,0.04147490614993,-8.98506229401313,0.0526704115414006,0.000000646609065867133,0.338748707032367,0.000589679021124675,0.0458412042991189,-8.53533952397812,0.0466422243857734,0.000000698198965876707,0.340944393291725,0.00057562434523328,0.0403887603947489,-8.69010564423947,0.0481548545383823,0.000000741992900874684,0.339517773112791,0.000521518404301031,0.0425911855107307
"44",-8.55654655914349,0.0470610618390486,0.000000632519257967869,0.340746210406358,0.000585043430271593,0.0408571337149468,-9.0067592978704,0.0542460796877731,0.000000515743047167885,0.345096037988379,0.000526366181152537,0.0440584241156814,-8.54133955906098,0.0480544031822377,0.000000560304105500891,0.345790779237935,0.000510893092467854,0.0388082819641823,-8.6374167135153,0.047490118662667,0.000000743461761399797,0.34721124008427,0.000567004371999889,0.0403252905195604
"45",-8.5954189182105,0.0474005396423252,0.000000619010619585799,0.34267162499726,0.000565409216558523,0.0410730359823078,-9.24690832742951,0.0542885863503234,0.00000064094239310701,0.349409788102394,0.00059503245201665,0.0481161352126435,-8.77588227310457,0.0485965288437989,0.000000716385662308876,0.349463468259361,0.00059408401044633,0.0422263151082709,-8.5842098383937,0.0480069486186388,0.000000658774660779291,0.334217813672465,0.000563071677239497,0.0414022868418018
"46",-8.48564094359501,0.0465951265917829,0.000000591084614331586,0.337289207209111,0.000561350094653891,0.0407994231497659,-8.93050539023062,0.0516166111512944,0.000000560298013210616,0.336686579561085,0.000555727830012226,0.04654184577111,-8.43170390976487,0.0455882633094134,0.000000588468522371442,0.33624851392742,0.00055625850918093,0.0406650497112434,-8.67474977126229,0.0478611437107326,0.000000644839815829188,0.345050841650928,0.00059585271465567,0.0409148296027903
"47",-8.59242218145666,0.0471016899377093,0.0000007296987893281,0.34243321832975,0.000566443726454064,0.0408693230480061,-9.02860308074922,0.0541468117657286,0.000000543516559115438,0.337486874117506,0.00057573657058535,0.0462471508739295,-8.55975503726524,0.0483204626943076,0.000000545758427047677,0.340708929644299,0.000559086719998014,0.0401029156971698,-8.7138483468177,0.0474677523997293,0.000000703290371718574,0.343181309099007,0.000598035277046293,0.0426695280520544
"48",-8.51490515544428,0.0468019322376287,0.000000621164067719308,0.340615375874642,0.000559717666211749,0.0403630806824977,-9.00673263991462,0.0517660276053752,0.000000571945890560934,0.342491191336915,0.000539875605468956,0.0467545058983659,-8.53875600049422,0.0456977211793009,0.000000603871028133351,0.342765730516148,0.000531392510419418,0.041469273543207,-8.48781856609204,0.046745161557846,0.000000611828713763839,0.335858213085912,0.000552079852478418,0.0404361490745635
"49",-8.53632846273743,0.0466934304286404,0.000000574100117171518,0.339855361203297,0.000564811257364611,0.0413200902194512,-8.93946162806303,0.0536980911372304,0.000000469155902085427,0.335004173674875,0.000562380053471306,0.0457194703939865,-8.43720844607688,0.0476225122657889,0.000000500522508932718,0.335182121067249,0.000562352182654886,0.039617097480384,-8.52310855053734,0.0461651080570993,0.000000750486114099529,0.335598446878932,0.000532987054461373,0.0416447863823553
"50",-8.58320831728396,0.047065995341463,0.000000675774699406013,0.338348929472921,0.000552403745214648,0.042068220193534,-9.07070728274742,0.052780830730425,0.000000647293558116491,0.336951202215194,0.000573904945643859,0.0482585372531777,-8.66443938163522,0.0471583644612427,0.000000734098181600681,0.340649824891831,0.000564226579769594,0.0428799114009198,-8.59167579139594,0.0469583431695422,0.00000063161356999143,0.339658691140737,0.000600003560295438,0.0413925668104908
"51",-8.53111384252305,0.0473914884588209,0.000000565207037824799,0.338916969484543,0.000555641542457341,0.0407851628688437,-9.00805159019181,0.0534786531126852,0.000000648086102011365,0.338837507789217,0.000566252113627204,0.0457477904701405,-8.53379664501827,0.0469090519772669,0.000000678976533663874,0.341018887544291,0.000564281100750234,0.0402999650368707,-8.67043209446554,0.0464979077625079,0.000000841832172242451,0.353690786272217,0.000567880064099275,0.0396196947101365
"52",-8.57671612436648,0.0473493318471911,0.00000057289685137557,0.341583232352273,0.000562742627608407,0.0411439818957198,-9.12198893005002,0.054349817313449,0.000000466216472506344,0.343216748538735,0.000580541929374095,0.0472988398125727,-8.67556304391897,0.0487084958537626,0.000000558055206521165,0.345104697173555,0.000569912700912729,0.0414363947704472,-8.76255630235836,0.0467562013565531,0.000000531348962284942,0.352784255927942,0.000544847710269372,0.0427356736117066
"53",-8.5348765495415,0.0468233361510326,0.000000572023775369641,0.340126622549009,0.000564554886230955,0.0410951635161789,-9.02897787126182,0.0532559251385716,0.000000565068157276832,0.339028380624301,0.000550316708253005,0.04687728960706,-8.50403683287059,0.046789190547396,0.000000578668293337779,0.33828172230617,0.000540332601838153,0.040980815161182,-8.49874619411554,0.0462561757549803,0.000000499981055172323,0.342322453894357,0.000609011152514606,0.0398672121583949
"54",-8.57485949571356,0.0473839084811909,0.00000059010430149266,0.338489894997843,0.000569818822141498,0.0417505171548851,-8.99165004479113,0.0529497295948589,0.000000525633386828868,0.33402838958326,0.000631779381992868,0.0472390242874957,-8.52264411731747,0.0470047109252397,0.000000567116535813064,0.335400894228475,0.000633383425590563,0.0414763318277276,-8.47331787732281,0.0460458915145876,0.000000525097234021594,0.330223494375348,0.00061570057414409,0.042679822239832
"55",-8.58358805866071,0.0473018976432417,0.000000537854240879748,0.342310569909365,0.000576157250497278,0.041387906420648,-9.17293583134646,0.0534263103838552,0.000000426303318680595,0.347647292541537,0.00055806010885183,0.0486635578889977,-8.71021564155025,0.0475821420513478,0.000000443849460669725,0.35012978230752,0.00055195874944441,0.0427757175485896,-8.8903064657053,0.0483197097203775,0.000000725600366930395,0.354043243056168,0.000539458643380729,0.0435682228307686
"56",-8.59452237241798,0.0468817737226146,0.00000064701446083426,0.34206977154201,0.000560334912262662,0.0416561602404268,-8.98507223800703,0.0522189056425456,0.000000629348655231464,0.336241275487895,0.000580189645299916,0.0470589707597919,-8.51935233872441,0.0460490923791173,0.000000686145741320501,0.338225207834743,0.000588955437029919,0.0413240448995401,-8.61046880937842,0.0471179741445923,0.000000556199408079653,0.350121364001651,0.000552351557595623,0.0399219706786536
"57",-8.57350002408334,0.046950771536778,0.00000060782468242971,0.341198410616894,0.000563232747051416,0.0414226138257833,-9.08833336845042,0.0543677088529478,0.000000522136418602082,0.343424718714741,0.000562446381003077,0.0462530320973311,-8.59975955840028,0.0482843839640221,0.000000548149693963537,0.343984338883088,0.000554758059219319,0.0404418101767059,-8.63878078882071,0.0477854119926395,0.000000383179131836771,0.340775911146012,0.00058229475069392,0.0426982863421991
"58",-8.50704840874725,0.046943014695401,0.00000053805496690696,0.338259010732678,0.000563926729813524,0.0409960917382364,-8.9552609020791,0.0528036449899813,0.000000382820571560574,0.333050155395071,0.000567694383611291,0.0477310231200804,-8.49071537547762,0.0465767796834719,0.000000410089172954967,0.335644308398648,0.000554833183126204,0.0421142588601452,-8.3640011979087,0.0447919407823553,0.000000428734200932689,0.337170768554737,0.000612222032420187,0.0399516231954593
"59",-8.54233100890595,0.0466617914795293,0.000000627356214390631,0.341755858090079,0.000574659042299203,0.0408068579893589,-9.03167745608964,0.0532226359156224,0.000000478805964256553,0.337728995652373,0.000558077590250729,0.0476370042198551,-8.55203430165941,0.0469970981536463,0.000000536585131222828,0.336975202933734,0.000544617085735783,0.0423592204732601,-8.61458085728811,0.0484521011315998,0.000000684089524062028,0.338492941812729,0.000550915663677286,0.0409455721530533
"60",-8.61656185062401,0.0473127712404049,0.000000648199493904693,0.341951230436132,0.000569637912305082,0.0417169517527532,-9.18419671826074,0.054788197274616,0.000000562981033892214,0.339572272001638,0.00067325429805848,0.0487429333012076,-8.72075576001746,0.0487805589948044,0.000000599473079357703,0.343489657679155,0.000681324884370867,0.0425127038598465,-8.66676193499108,0.0464086870360004,0.000000642261694184292,0.347493484191441,0.000542484014929365,0.0421871710582667
"61",-8.60124567081826,0.0475807051947201,0.000000607220904479616,0.343100090018156,0.00058716839714931,0.0409552555171343,-9.15132967999224,0.0549287067611416,0.000000626303574378892,0.33935432630082,0.000599668188569066,0.0475454009946287,-8.66442372719233,0.0488160892302299,0.000000706540159947919,0.339846841965951,0.000588858060960245,0.0416127514264893,-8.5534291312216,0.0469129185433428,0.00000053290584779382,0.341375194922144,0.00060517438474329,0.0408418475555143
"62",-8.55113570670582,0.0471876683487201,0.000000614491187126502,0.337566439348109,0.000563039276488315,0.0416010127441795,-9.08821900975265,0.0537615430835334,0.000000785871731497162,0.333903221862783,0.000593759859037311,0.0479084205925547,-8.61900774206228,0.0476029459823337,0.000000844894564012813,0.335703026753664,0.000592817064406349,0.0421632556507074,-8.52685037065545,0.0446780489609866,0.00000077649247793496,0.339829129929987,0.000596738914627202,0.0417263691028435
"63",-8.50743572879101,0.0467943121504357,0.000000608889370306494,0.336907380970392,0.00056390108210446,0.0411882374043707,-8.98512837191408,0.051919957824925,0.000000499050515090612,0.336533203234795,0.000606567124570333,0.0479435221622434,-8.55903704708865,0.0460832385923364,0.000000527394608397594,0.338719828051101,0.000603924141853144,0.042905906879045,-8.71385271647629,0.0480731675359023,0.000000744769149203035,0.343827384575191,0.00057267468607312,0.0417273513121014
"64",-8.55782545606407,0.0469284362466777,0.000000538523527699439,0.340508548625961,0.000551906734016576,0.0416721834518537,-8.98969938997469,0.0526092120394515,0.000000699305534273514,0.335803973592422,0.000510382444726098,0.0467071892764143,-8.52563452309555,0.0461841174504707,0.000000745455625784972,0.338024964201432,0.000492318542065172,0.0413134139785209,-8.64721560332782,0.0488428274471588,0.000000358666119318833,0.346935557417414,0.000513415306371858,0.0407922622938952
"65",-8.51208254071669,0.0465508247335335,0.000000567506722646007,0.337707139265284,0.000550408224483228,0.0415648374195565,-8.92712422314889,0.0538912743286523,0.000000381495589132235,0.32762281737748,0.000572765798299729,0.0474195379738099,-8.45022847620555,0.047640225779529,0.000000411988931847405,0.328699922024141,0.000573201909907217,0.0418651317182164,-8.63643006741535,0.0482904035857636,0.000000277373774108319,0.340737161500666,0.000545771703012241,0.0425145552400999
"66",-8.57335110674079,0.0472357800296927,0.00000054235543222198,0.340366099117486,0.000575009005577352,0.0416057915032149,-9.1327330208567,0.0532134074343718,0.000000538620083277068,0.341831963296764,0.000646391190926497,0.0486355612714411,-8.61908289954939,0.0471361390876265,0.00000058647394268519,0.341082367313098,0.000641781736341392,0.0424752980229957,-8.60162128440956,0.046704718091142,0.000000470033250215603,0.34315521578231,0.000577975800502806,0.0418302207129629
"67",-8.55914867656853,0.0467985050260323,0.000000669650511869223,0.339054007296731,0.000549044312419842,0.0415924584051474,-9.1197290101904,0.0540732987818593,0.000000628053634725998,0.33333366895511,0.000549074690441904,0.0494172303975235,-8.63402101305389,0.0478267157935408,0.000000686550959109674,0.334661007031458,0.000535522971424935,0.0435023539178072,-8.54270634665096,0.0463227129448095,0.000000671394760682134,0.338953764455932,0.00054456773965551,0.0413681439691317
"68",-8.60042128517921,0.0467767760907839,0.000000611629474469186,0.342699680227304,0.000587310806774278,0.0416697027174274,-9.0951856762751,0.054344804966315,0.000000447023187811826,0.338577399143999,0.000557398661794576,0.0478803199168831,-8.60400821476765,0.048241970713733,0.000000482220966757614,0.339937425010744,0.000544752427797538,0.0417889683968115,-8.54620397536543,0.045886794748576,0.000000600498145615395,0.338468156811795,0.000638229585098157,0.0417752533834653
"69",-8.58029488948982,0.0475059603662621,0.000000653292258794592,0.33957966291592,0.000568649184467595,0.0412506989112146,-9.13961950902326,0.0550400629816816,0.000000748422048226768,0.34054395930915,0.000570682627054765,0.046550252181134,-8.69367319060467,0.0491724097170771,0.000000820223464816589,0.34112468997613,0.000570700907734381,0.041298529832435,-8.64872130714167,0.0467448688380487,0.000000575832021641215,0.348438764742714,0.000602787954706141,0.0411288302065501
"70",-8.55230290260479,0.0477198895592092,0.000000588620420543026,0.338349870464232,0.000570251797399818,0.0410870228669253,-8.75307094302255,0.053104578100063,0.000000433985534542701,0.326682662301496,0.000537724664491623,0.043954705105746,-8.29124171987979,0.0470641576369811,0.000000459164301670492,0.328176475040101,0.00052967477721701,0.0384993442266546,-8.6350226134557,0.0472420202017797,0.000000504911979256417,0.348358879482497,0.000602051344696047,0.0407608018444887
"71",-8.53625743778359,0.0467651185366173,0.000000561320549454973,0.34161423332299,0.000577808950204924,0.0407794261009106,-9.17062037513706,0.0537433718625514,0.000000482178911645913,0.351664626024731,0.000600205812812447,0.0470712864766031,-8.69435429485363,0.0480813787065949,0.000000539367111692533,0.352727759390027,0.000601720656186108,0.0408380594174304,-8.3728673729913,0.0456127462084488,0.000000423220175728948,0.342586218125388,0.000583221880881513,0.0379788201120772
"72",-8.50607527936187,0.0467447579676594,0.000000569191838386402,0.33601455194364,0.000553743986838723,0.0416188149222541,-8.85371856903022,0.0517164904045357,0.000000460443380399205,0.324752661624118,0.000536461586215562,0.0479715594935125,-8.37579671713049,0.0456231770228467,0.000000463411424186827,0.326140033041,0.000533839943396482,0.0423023797444315,-8.62018429629158,0.0466451208195282,0.000000682003198842588,0.3457422757308,0.00052468309904223,0.0409184158893279
"73",-8.5181205372192,0.0465068410336482,0.000000618545128850368,0.33869088453188,0.000538221627909411,0.0412598754320267,-9.04158298599865,0.0538721752587538,0.00000052417278788859,0.335515404661143,0.000536545875976967,0.0477927853796328,-8.55743189584512,0.047728109666868,0.00000056113126663546,0.337245212993828,0.000512211877258232,0.0418510411229822,-8.67368013123496,0.0473603317604314,0.000000751229160741115,0.341117101613098,0.00050322340725472,0.0425879333702879
"74",-8.5145886379212,0.0469109102053373,0.000000570384581691622,0.339225753403241,0.000562289447712302,0.0407578630984109,-8.92220822156106,0.0509603458106051,0.000000513899657534532,0.336974510891496,0.000491451928230018,0.0471848252311591,-8.49105103687165,0.0452719024052906,0.000000552878189070573,0.337776005148543,0.000487529995100217,0.0422056913012378,-8.34320003784583,0.04557806206888,0.000000597370223790263,0.330394691771688,0.000505248330756851,0.0398754161260973
"75",-8.53565418300613,0.0466344566315992,0.000000639237006420297,0.3397319623671,0.000572842152502502,0.0410662838135023,-8.97500513626122,0.0515590220625423,0.000000566576254947375,0.342649396413817,0.000570848512992395,0.0461097688630275,-8.49468465078711,0.0453524911138522,0.000000597988321820383,0.344432602538612,0.000565871784210465,0.0403124686215128,-8.61691197384164,0.04580825790493,0.000000637805059785032,0.340617677496506,0.000556216309157534,0.0429349455615617
"76",-8.57856576672609,0.0474028586110078,0.000000569427670445286,0.340455284829089,0.000559088233595406,0.0414647844530953,-9.18031004384955,0.0550885282679241,0.000000475125083503225,0.35225508037042,0.000585872539626532,0.0457312918071046,-8.73535740422517,0.0493915197830691,0.000000483380048508738,0.358447495388167,0.000576160831064578,0.0392498671083151,-8.52734969426319,0.0469690862685717,0.000000556595851028796,0.334080059186673,0.000584156413826795,0.0416217173050978
"77",-8.53621726657963,0.0474981559638865,0.000000537700030367653,0.338255471323912,0.000563531707949959,0.04111867921689,-8.97053089546223,0.0538985057207778,0.000000475298726157636,0.340230673775518,0.000562913319942188,0.0449798786683652,-8.49376849250722,0.0477132382954821,0.000000509236099769604,0.34225778579547,0.000554468113392342,0.0391650979726414,-8.58886979961765,0.0484184564400599,0.000000861750763188285,0.336665112727706,0.000487228728255651,0.03965695642854
"78",-8.55013999385785,0.0473174840357633,0.000000590757666731737,0.340930645614247,0.000576883698748046,0.0406705905202507,-8.96889730558834,0.0526267236302048,0.000000409723553927779,0.348106695348359,0.00056913052810433,0.0443275271206046,-8.53757567537456,0.0471151835627218,0.000000453095878960684,0.352378144509131,0.000560680715694192,0.0383200395771673,-8.62837006141373,0.0482753912928176,0.000000723638006192411,0.341930379527171,0.000614402762553718,0.0402052319664907
"79",-8.5401308115549,0.0474828561546631,0.000000532900321759376,0.338816470990994,0.000555984369440293,0.0411097037769481,-9.04195003551688,0.0556758793209188,0.000000404025252623755,0.340648644773266,0.000649171513434803,0.0449581780743517,-8.58297901723835,0.0494052400607108,0.000000425106363721282,0.343591775761218,0.000645024498440286,0.0394352097971727,-8.61038518403747,0.0471824108754228,0.000000498028637443925,0.339090592382414,0.000576901732326558,0.0424729537933878
"80",-8.54304536850079,0.0471645746558811,0.000000611800216124058,0.338652091273482,0.000557226924086924,0.0412662181513159,-9.02591875120922,0.0528071183149012,0.000000454755730753628,0.33346048574982,0.000597900739992559,0.0490257998693788,-8.51736641299568,0.0466836178072377,0.000000481880339085891,0.333826739591947,0.000597765013889699,0.0428282535103363,-8.75085154387391,0.0482293609740074,0.00000031938943584865,0.353676589551461,0.00057384022855247,0.0418107501650731
"81",-8.55658465903093,0.0468321920892478,0.000000601951519019002,0.340873773371778,0.000563814408224907,0.0413311049979341,-9.15649654214691,0.0523111566217869,0.000000497639806846548,0.342005457774781,0.000546354040445844,0.0504198124270027,-8.69262953261724,0.0467345497991707,0.000000497240171925279,0.343359940784997,0.000533883879364492,0.0446118631286043,-8.6811950616279,0.0483340811281858,0.000000515774956890136,0.34813076151229,0.000555685998145737,0.0412103249611065
"82",-8.55046258298675,0.0468229533331984,0.000000623073855768451,0.339282864401501,0.000556830472105993,0.0414742721760561,-8.97090344013592,0.0527882687969033,0.000000577953201776159,0.338175609734114,0.000517109233130002,0.046147718915287,-8.44766034194111,0.0463466830897888,0.000000579619147788986,0.337975543993457,0.000497185695094023,0.0402144574390718,-8.6112110568654,0.0488720551125231,0.000000641156881921505,0.338137344910825,0.000515024701114743,0.041040260973817
"83",-8.53471270440421,0.047176309940763,0.000000612832714928314,0.338090428175329,0.000566703693581377,0.0411516844585727,-8.97088985738729,0.0523394372570023,0.000000632023259153046,0.334216101382408,0.000580110050160743,0.0473028609537776,-8.44752299080124,0.0459819319554501,0.000000666063894030816,0.333745538539158,0.000581079014203241,0.0411503784115572,-8.67475150318487,0.0475807162260042,0.000000657247844113237,0.340557312170551,0.000584481336703273,0.0427892918676993
"84",-8.55604039367915,0.0471558445537421,0.000000576224591535011,0.339168275236835,0.00057440252112128,0.0414747121814669,-8.96558441481386,0.0525987926646049,0.00000049313126749415,0.328950600364903,0.000585630796559612,0.0485493808509988,-8.48499323766707,0.0465503212589998,0.000000547738734720594,0.328651487799641,0.000586083616330708,0.0429595080380892,-8.7736772271694,0.0483401594160188,0.000000652626590603441,0.35031846106431,0.000560851982057675,0.0416638020747002
"85",-8.51586504200549,0.0470154878021131,0.000000587738289460416,0.339727945267712,0.00056260134500677,0.0405121851933785,-8.9888668508211,0.0529429063422159,0.000000485995448114532,0.337931053507672,0.000568580037840254,0.0468325591375273,-8.49736645447053,0.0467720952483669,0.000000508939895981465,0.340212682963138,0.000563122094622536,0.0406125647462147,-8.67615456773513,0.0488999482461538,0.000000802645052045045,0.337377958268357,0.000575627357861722,0.0413386653125896
"86",-8.48938863042319,0.0464573456880939,0.000000576074986132878,0.339408426544864,0.000566404103398314,0.0405288459885986,-8.91896850407147,0.0518958967365215,0.000000467990845828378,0.339498874768551,0.000543535478903394,0.0458192855929329,-8.4434563301504,0.0458233428746745,0.00000050547156238953,0.341170505633265,0.000537915565349282,0.0399872779287385,-8.76566662613703,0.0475626933457904,0.000000656756274801338,0.351636211321764,0.000594241734316371,0.0417760952274067
"87",-8.52661376085108,0.0468978510344671,0.00000053829886336611,0.339069781650468,0.000565312778137297,0.0412942087070461,-8.93724481791613,0.0535571370833733,0.000000434546041049933,0.33506440525255,0.00057541447956724,0.0460259772902438,-8.45256082499321,0.0473477641990824,0.000000509483645356023,0.336158574003557,0.000575373216506235,0.0400338838884517,-8.5915997879901,0.0479043980581207,0.000000562628594116106,0.339149587349453,0.00059977825378972,0.0412908011925506
"88",-8.54386893146324,0.0469151953792465,0.000000523159892184939,0.339443447694575,0.000562913135615109,0.0415619937069218,-9.18169026923455,0.054663965598633,0.00000039970793985276,0.344131785760583,0.000606358937144687,0.0485607328421981,-8.70454625635473,0.0489106261310988,0.000000447854127777319,0.344136874575015,0.000605431344087661,0.0427047288301496,-8.56245239431553,0.0475581443740385,0.000000440859775168879,0.33674128029376,0.000576986098424244,0.0415552508252402
"89",-8.51701197588678,0.0470047148150724,0.000000591581223269058,0.33857765115675,0.000566909849757696,0.0408452035237961,-9.05898728558162,0.0522788601527783,0.000000580298803173217,0.343222234560597,0.000597827400423337,0.0472061682389984,-8.59209940452921,0.0469261264671236,0.000000549557002571546,0.344278152730892,0.000595232011956942,0.0413351030418361,-8.52270678910502,0.0489983929347115,0.00000038043306236218,0.336519006377124,0.000623733506846364,0.0401712780477475
"90",-8.51626179005211,0.0469480808389287,0.000000569033546531795,0.337020230715675,0.000561057096566886,0.0413413030832472,-8.91200383687428,0.0523312842579252,0.000000573983852933638,0.336807893356045,0.00056135130173002,0.0453899683455668,-8.41443339280004,0.0462533689663262,0.000000579414491067125,0.337674554358151,0.000555274535858347,0.0393950325975972,-8.69688517152489,0.0481937721701741,0.00000062433729914788,0.343248639410164,0.000575953450306459,0.0420883196619637
"91",-8.54164178579849,0.0469936880875415,0.000000620908847224922,0.339613549071266,0.000567248239071696,0.0410246286144575,-9.08015466753703,0.0535778503619043,0.000000563114880715976,0.3417906437565,0.000615204861467168,0.0469719034024646,-8.61774688189976,0.0475859722540379,0.000000614529993780475,0.342899660232096,0.000614158282360639,0.0414358099313581,-8.58970703557091,0.048676214168972,0.000000621504228709649,0.338926028734068,0.000551154986808219,0.0402603226591967
"92",-8.49723075727457,0.0465037295619903,0.000000600055008529107,0.337773062271999,0.000554082443205066,0.0410297731186216,-9.15412813478162,0.0536476600577675,0.000000511929511546449,0.339210201954644,0.000568735345853581,0.049697050931067,-8.71636522320131,0.0478620842693608,0.000000563784448157398,0.341028545013117,0.000552503191766315,0.0443667676006178,-8.72085100305483,0.0484658850538888,0.000000728154201651031,0.338821230923045,0.000533828264260273,0.0430814085073564
"93",-8.55570132792053,0.0466025184493564,0.000000622756520217914,0.338813954584123,0.000586043717293696,0.0418212133896827,-9.00328646545207,0.0524832075890333,0.000000611894124260107,0.334490398464881,0.000634524788100132,0.0476436769531386,-8.55884822416493,0.0465616073162034,0.0000006499190504809,0.335369481666296,0.000632235680568753,0.0425534327991265,-8.67207367578363,0.0486707964131123,0.000000712144051324955,0.332144427095211,0.000591993234173154,0.0429360434066223
"94",-8.61003678606074,0.0469818554158668,0.000000728003770498302,0.341732575175915,0.000553311439950638,0.0416665011060715,-9.27126520657652,0.0556493593341871,0.00000059981337262504,0.344668038126862,0.000528258178799412,0.0487664240984209,-8.8601227128533,0.0501224375170239,0.000000669687960340376,0.348508410749074,0.000518637918765239,0.0432034132289481,-8.62561463252961,0.0482380265640999,0.000000643542243433605,0.338908889755167,0.000508628392121414,0.0415136762893111
"95",-8.58383545402092,0.0466827456517553,0.000000580166764976205,0.343686282292225,0.000553052262846921,0.0414507489046337,-9.16393002118859,0.0536515089806819,0.000000681299599497648,0.350856653321753,0.000525213595159208,0.0461478597702444,-8.68457171793709,0.0475597076117019,0.000000701750723216451,0.352007480370936,0.000511369312291241,0.0404686918921732,-8.62932107358102,0.0464258229527651,0.000000733129473463077,0.341902259683066,0.000517124194149817,0.0421927098255174
"96",-8.60116825786831,0.0466345363003528,0.000000604556832395348,0.343246986461172,0.00055419634947491,0.0418833744292872,-9.16039157748197,0.0535172958450418,0.000000494266361410941,0.345824426777136,0.000544237320309573,0.0483043336442919,-8.70380676714949,0.047606198996977,0.000000528781433105225,0.348123775403768,0.000538782095369686,0.0425953734572559,-8.64449201597991,0.0470615166596551,0.000000710415121924988,0.341214289876629,0.000555113488112319,0.04202426040435
"97",-8.54075401506271,0.0466981338687975,0.000000622760322142955,0.339327957863967,0.000564697044204042,0.0412504781574664,-8.95301823683001,0.0511260525487182,0.00000062701766490081,0.333850046935923,0.000578847697302841,0.0477729566237227,-8.44706221168576,0.0450538308616603,0.000000677796702158972,0.332321507226336,0.00056650154331401,0.0419855094432051,-8.47109867520972,0.0458161075833574,0.00000066168032253883,0.345513105449577,0.000588656905882112,0.0385132606516238
"98",-8.55962091871018,0.0470675817721289,0.00000057197211105338,0.341128773498013,0.000542396306486425,0.0412073344529277,-9.09520261640368,0.0522491803567925,0.000000764586443019783,0.341509730041783,0.000525704619168712,0.0479415284036602,-8.59156900572785,0.0458081093771178,0.000000845936505067514,0.341458438779628,0.000516719498995586,0.0420517926982932,-8.62790154749837,0.0472930345708879,0.000000661994443799146,0.346969463450145,0.000561797770846742,0.0401771884627899
"99",-8.57314967500929,0.0470288535638828,0.000000614893762756407,0.340056114742213,0.000554659051235117,0.0415852523178327,-9.14483426839697,0.0535629571681463,0.000000536046406207195,0.343215648229924,0.000562601735128858,0.0482979932048573,-8.7004489448604,0.0480768139290449,0.00000059847617124693,0.345246543183417,0.000547174727184076,0.042441203056695,-8.71515009804861,0.0478445790389284,0.000000561625280167063,0.346325565498248,0.000562667795690307,0.0424272759493296
"100",-8.54121585097648,0.046961732909634,0.00000062449973574275,0.339515583330817,0.000565630197190361,0.041080307674561,-9.14608933391358,0.0543455677382935,0.000000697419736784105,0.345327944592805,0.000568792331075006,0.0464993941234502,-8.67484808390656,0.0482145695968057,0.000000763799497689702,0.347104079868201,0.000578901990724962,0.0406147685094367,-8.69780918023351,0.0478451320409858,0.000000638569080101296,0.347898116062271,0.000573174868276882,0.0411928529293039
