"","intercept_logit","age_logit","fnlwgt_logit","education_num_logit","capital_loss_logit","hours_per_week_logit","intercept_cc","age_cc","fnlwgt_cc","education_num_cc","capital_loss_cc","hours_per_week_cc","intercept_wcc","age_wcc","fnlwgt_wcc","education_num_wcc","capital_loss_wcc","hours_per_week_wcc","intercept_lcc","age_lcc","fnlwgt_lcc","education_num_lcc","capital_loss_lcc","hours_per_week_lcc"
"1",-8.49990594174136,0.0465899793339251,0.000000569730445031359,0.338200274833774,0.000553955621111746,0.0411325570379694,-8.94676779801909,0.0517408265906255,0.000000608745871835577,0.339363805337047,0.000551589283830053,0.0462075776895758,-8.44728803547931,0.0454037572232111,0.000000683842485331078,0.340087814166582,0.000537442142993148,0.0401515570343726,-8.61206407460053,0.0488013667320688,0.000000681847499046699,0.33902930118497,0.000549585479350576,0.0403602693153526
"2",-8.54966544298562,0.0466968075345729,0.000000598715119238537,0.341642714636215,0.000551478059047191,0.0410639811085438,-8.99807498859887,0.0516259601687445,0.000000443854307432055,0.336890726695545,0.000500409641226798,0.0487064433241206,-8.51628907128232,0.0457497967469107,0.000000522007808253421,0.337685607653174,0.000491214996827987,0.0425913572993838,-8.58131738270017,0.045381948147401,0.00000050911946110656,0.343169582271675,0.000561803817262605,0.0428229956944597
"3",-8.49379203108407,0.0466621397563046,0.000000526186249174748,0.33916091930525,0.000567026881265393,0.0407589540879608,-8.97345382201932,0.052770039741592,0.000000305232486207988,0.338910584810485,0.000533876306259461,0.0470104326924328,-8.55219778256858,0.0471296151480844,0.000000292589131400686,0.343220180299345,0.000537732271023633,0.0415446544434721,-8.49747404380226,0.0468842891018387,0.000000735369810561277,0.337724685437081,0.000549900926248797,0.0395787354024733
"4",-8.65298504469171,0.047532419724451,0.000000711743485883766,0.343453777756721,0.000577015380364773,0.0416842132700337,-9.13824137567116,0.0525865557844358,0.000000581926342498284,0.3465832691695,0.000590397592193794,0.047975828287145,-8.68983665841453,0.0467323678746758,0.000000694984586719813,0.347906777455368,0.000585642115025055,0.0422857555378911,-8.72999876886526,0.0485585203384609,0.000000435387504895495,0.345929994551946,0.00058443664749216,0.0426060487051379
"5",-8.57328331293891,0.0475641627238953,0.000000646600391602534,0.337353109088522,0.000571627085680604,0.0417399083250894,-9.23291216409124,0.0546110977787472,0.000000617171206181279,0.342060034091043,0.000535768533562714,0.0495679668301982,-8.75551836429766,0.0483841792335021,0.000000637252176184537,0.343202197472347,0.000519747168237736,0.0440383139642313,-8.58600308307889,0.0462981160315702,0.000000544161377334166,0.341804014474392,0.000623970209524465,0.0421430198808341
"6",-8.47239265084338,0.046704975249962,0.000000594138183942426,0.33854427643032,0.000555150563645042,0.0401272612130668,-9.0164425111289,0.053110079101103,0.000000632738413237433,0.338084833387287,0.000565082064428549,0.0464955980988494,-8.62426556237272,0.0479510214401506,0.000000726826505077403,0.341311843929141,0.00054908439403365,0.0410890581816671,-8.49860877821897,0.0454994318989768,0.000000493838325925759,0.344714405761435,0.00056529441182934,0.0403936338622047
"7",-8.48977236772355,0.0461473254811493,0.000000612299769365582,0.335672331802469,0.00056750107502136,0.0416984534765579,-9.02435247420181,0.0519113839051598,0.000000704411164492593,0.342315382028846,0.000530002312052696,0.0467697281902715,-8.54927305795027,0.0460650586511208,0.000000757558823192635,0.342163000053817,0.000529465635478219,0.0410927406732568,-8.56437669070125,0.0475739782317355,0.000000549776201411883,0.337971177565997,0.000572871337218404,0.0413427389547623
"8",-8.49796256666209,0.0466502710912932,0.000000594030740782212,0.335303408476217,0.000560631623223952,0.0416281332514187,-8.99676515151656,0.0516516223038671,0.0000004910134168974,0.33495993455077,0.000600662142605599,0.0490573397791002,-8.48329430506797,0.0458037634385101,0.000000482119864234239,0.333555000934694,0.000592652145805145,0.0430815472909303,-8.51296537885096,0.0467848807197797,0.00000062284503647353,0.336178302921814,0.000558882601227788,0.0411641832778743
"9",-8.44409121384437,0.0459626634837116,0.000000525048118471715,0.339663530072808,0.000545374139981908,0.0402711641701258,-8.89104460252122,0.0523157164733964,0.00000041394524709791,0.335554055204252,0.000569065918485995,0.0461123626592053,-8.41849172721616,0.0466907272152388,0.000000411362957849879,0.336265071912273,0.000559449477856533,0.0402941994633604,-8.46697076827006,0.0461473103538148,0.000000457878383434869,0.340236610041516,0.000577241262986755,0.0406878787348293
"10",-8.58736220743225,0.0467115199997867,0.000000520151589555601,0.342225658073999,0.000558406415521556,0.0421133767178804,-8.98417749743638,0.0524181265957545,0.00000037635874257675,0.341378677825833,0.000527492934144547,0.0467683233387442,-8.48031795722405,0.0462592669272574,0.000000392452735361979,0.341335919654215,0.000512082520307117,0.0409142875647124,-8.64566714960305,0.0467970357553449,0.000000383506675879693,0.346027813840467,0.000566785429891399,0.042666769247798
"11",-8.54777339552686,0.0471038725799515,0.000000644322744339398,0.340399591245213,0.000554976500796014,0.0407039841526252,-9.16036746054998,0.0541160135357389,0.00000079041653241922,0.341261543179322,0.000523730190424626,0.0476192034652097,-8.65521322515493,0.0480990407828324,0.00000080513336233583,0.341976324314398,0.000509347937064067,0.041383606171025,-8.49318694333648,0.0474169252639851,0.000000274792884941743,0.334851455704062,0.000532024698680673,0.0422460624697857
"12",-8.61410087065021,0.0467811345685526,0.00000063735789243602,0.342346112238621,0.000562152326577008,0.0421650984634879,-9.15314470462067,0.0530204051120635,0.000000558645949754665,0.347612034938958,0.00057108048904053,0.0476996270260858,-8.72191051074205,0.0474786180375591,0.000000641812683293034,0.351669159381465,0.000565025625297851,0.0415946805425299,-8.63385376685005,0.0455256081408984,0.000000740127811198643,0.348583123989557,0.000558326341174349,0.0415600005608372
"13",-8.57299331544524,0.0471412133684597,0.000000624793452634393,0.339841827131862,0.000569003668732673,0.0415810070453726,-9.27305202384459,0.0538063122965265,0.000000696009924290342,0.351930705366105,0.000644894300312805,0.0483335639007703,-8.86473258046052,0.0484663551758914,0.000000760942742601671,0.354681080819373,0.000648963604184724,0.0429194338601002,-8.61360905134353,0.0478414190253651,0.000000709261591651081,0.34398104394978,0.000534266544958426,0.0404347529384743
"14",-8.51166875974005,0.0462871925490433,0.000000609796996475593,0.338350260053216,0.000567181667477414,0.041318638939497,-9.08351141116478,0.0552142776442721,0.000000601369828561977,0.341609527259056,0.000562393530313407,0.0455249457222274,-8.59993191546434,0.049126345703328,0.000000666014282121952,0.343144051454797,0.000562729001978114,0.0393909908295455,-8.55920094765767,0.0469481366818578,0.000000750328786080359,0.339793611866946,0.00057471500570879,0.0408256423041313
"15",-8.45212193947152,0.0463586372535081,0.000000558940260769362,0.333261228868648,0.000570036656601245,0.0413723954214391,-9.01386080717419,0.0529949161657793,0.000000592102111439669,0.340231988559156,0.000578989369563015,0.0462523475893721,-8.5779544566757,0.0474427023416552,0.00000059848203940529,0.342461601519857,0.000565115602953581,0.0408524301865876,-8.49223560658159,0.0454232979423603,0.000000602641925349198,0.339502545021131,0.000568062629010756,0.0412298343553034
"16",-8.55399929214011,0.0474268724417668,0.00000057452682714924,0.335898445033754,0.000557866534119067,0.042002928033332,-9.11872861341304,0.0529922535891111,0.000000563474414656185,0.33508668740713,0.000586098495629965,0.0501185760370188,-8.67397922803744,0.0472084482084645,0.000000623168276173281,0.338272600199114,0.000577100575981877,0.0442439586529426,-8.6358849495609,0.0495435567177572,0.000000602611490278843,0.329632746100572,0.000547604163616227,0.0431949302474408
"17",-8.50344385177506,0.0475548796388035,0.000000501431239119008,0.338065622856162,0.000583174299502534,0.0404197744728798,-9.10439659482379,0.0545190769496547,0.000000496055874578412,0.347156620003403,0.000565625104310401,0.0457015461895473,-8.62869466688236,0.0484720976846937,0.000000563405656915098,0.348685763912096,0.000550414502478388,0.0397546338690551,-8.62261817140251,0.0487259276411125,0.000000600643402540037,0.342636965678769,0.000579867115858426,0.0400805285312108
"18",-8.53966291501115,0.0475903388155948,0.000000651268275435186,0.333584696929562,0.000573366537437029,0.0418230391877824,-8.98488282135354,0.0530110635244995,0.000000572959144347838,0.333381502041536,0.000590309318959296,0.0474100661862603,-8.47695929444051,0.0464991057476842,0.000000606395729667505,0.333948256319178,0.000590699791697935,0.0415200053788828,-8.57074219147614,0.0477035612054608,0.000000356999410916343,0.335978543559612,0.000571581848961834,0.0426477867190661
"19",-8.49989353123239,0.0468329523092541,0.000000622157452861897,0.33647850188749,0.000569537222302974,0.0409717213747449,-9.20937650189433,0.0530205717019496,0.00000080544142717061,0.348097870903424,0.000600275310229882,0.0481980298849994,-8.73473448095578,0.0466401146559733,0.000000892372600901123,0.348647502106838,0.000594262777391379,0.0427541798216556,-8.48397860619044,0.0462600273206211,0.000000706093032434844,0.331556121772714,0.000590229695517807,0.0412890293486355
"20",-8.57406526648495,0.0459702368045561,0.000000626919953487461,0.343383985452941,0.000573283570460732,0.041695239661647,-9.02303313022724,0.0516213062291542,0.000000507552525195391,0.341035899008236,0.000517977907267243,0.0480998617374194,-8.45601959345809,0.044958766852051,0.000000537318550922814,0.339644461471227,0.000511207699291406,0.0414765096724895,-8.61734161634959,0.0458778216503176,0.000000650248778932204,0.344459967905803,0.000610942251821032,0.0417018429536668
"21",-8.56211029487501,0.0467121181949618,0.000000636648307368338,0.340987314921701,0.000576190297401937,0.0412985338242511,-9.08682747184038,0.0534220551517174,0.000000558399792585473,0.337763800498128,0.000585251034710439,0.0483562944750242,-8.67001252925749,0.0476632050576961,0.000000636072737618559,0.341859426378878,0.000575019305813835,0.0427962426577354,-8.61862197461225,0.0459101950371994,0.000000670013961679453,0.345580233321255,0.000574264634573672,0.0420091665667063
"22",-8.52876446243257,0.0471645155092752,0.000000553122775144425,0.337707707597096,0.00055842188819656,0.0412719544814526,-9.04226778224936,0.0533847708990507,0.00000054334154146035,0.342949812773889,0.000561833012642634,0.0460536667937063,-8.58248456342357,0.0474846034039342,0.000000639781385360863,0.346290626768341,0.000544144494928075,0.0397830713737222,-8.64780833477623,0.0475834230586871,0.000000546356101016761,0.34020907095369,0.000576374160197105,0.042968419102678
"23",-8.63386508447434,0.0474023316619967,0.0000007238164569061,0.344457078348271,0.000580215874736082,0.0410879731140973,-9.13992416179716,0.0544465997889721,0.00000069164031157393,0.341618157842745,0.000633068290977612,0.0468626030547134,-8.68613307877025,0.0486152227128852,0.000000746992658146472,0.343919517764028,0.00064027966546706,0.041021738530896,-8.68319853779951,0.0471201620053905,0.000000648762496345798,0.348517473049794,0.000634266219060698,0.0413808959480852
"24",-8.54054256951969,0.0474349318757669,0.00000061919726851309,0.339240118037643,0.000574122981159015,0.0407275252557485,-8.87413430250422,0.0518761901530134,0.000000544650923506283,0.335393622433746,0.000576721039451848,0.0453327265901537,-8.37894832569193,0.0460968176475385,0.00000056972733836178,0.336732481975129,0.000575564057657583,0.038876682680751,-8.74460902411535,0.0472135396149036,0.000000822958145635435,0.347742118540155,0.000559504921703211,0.0419375849271924
"25",-8.51970122082043,0.0463680396097968,0.00000060093891050092,0.338175244017648,0.000534828282617,0.0416582869230819,-9.19579386751863,0.0548083298894622,0.000000516418662444989,0.340928049154902,0.000511284905332426,0.0494012408823417,-8.70156892769904,0.0487195988552052,0.000000539477687475432,0.341771340692346,0.000501326090421149,0.0434065016643049,-8.46597578802254,0.0464194267641938,0.000000579617032635948,0.339711456825154,0.000563155823070767,0.0399106996550678
"26",-8.60757292446677,0.0478418605947491,0.000000598205566986898,0.340868374395796,0.000576331977827382,0.0415930011082285,-9.01788099504205,0.0530299704766468,0.000000568651731150164,0.340145584025622,0.000559857487676469,0.0465648255292594,-8.5110695793915,0.0465107918932639,0.000000649405497763508,0.339430091340262,0.000542201317530368,0.0408400913673098,-8.67896185053761,0.048956523296935,0.000000547766899024173,0.341116812936767,0.000569026117200941,0.041725539671717
"27",-8.52953678505983,0.0462873866740025,0.000000644316805604184,0.33945687706893,0.000553308544261548,0.0412991544468111,-9.07872843407723,0.0514219329868154,0.000000665440275006753,0.338204292723066,0.000574971832739652,0.0493629509146542,-8.5612320760469,0.0451812687366027,0.000000711860887863629,0.337419097398229,0.00056453711373381,0.0433085908781752,-8.62532773502173,0.0470630886574116,0.000000855800670336664,0.337131612752576,0.000555252313509186,0.0418275094241388
"28",-8.59843862825381,0.0473628989950533,0.000000570737952162851,0.343496316981109,0.000580512249891755,0.0411451944485761,-9.06039851024887,0.0540829213289498,0.00000055240656891945,0.341248043443099,0.000533002368552419,0.0462738394468107,-8.56561274962849,0.0479223710000229,0.000000551061230237876,0.343842230702877,0.000515724674341766,0.040013928863742,-8.67523913745769,0.0503316943846585,0.000000540886159512297,0.337993999122942,0.00060247013254189,0.0411343839752704
"29",-8.52050338239016,0.0466774450760997,0.000000632003737057407,0.342685385311939,0.000573929172071549,0.0400973497238387,-8.86304459185009,0.0525833627690939,0.000000430550482352487,0.333839522030764,0.000566780809978131,0.045324824536189,-8.41732374429779,0.0467413365122868,0.000000467858296224532,0.335621303326152,0.000563843721562356,0.0398930434868643,-8.60959222710103,0.0469182916020977,0.000000458497834758544,0.343187994705424,0.000652956415223135,0.0416022251936855
"30",-8.47723862841911,0.045889875501004,0.000000626849671512943,0.341463443226164,0.00058132763761942,0.0400312002755076,-9.04020173104233,0.053265572812769,0.000000587130094799981,0.3485456498967,0.000589417890988448,0.0446198976364547,-8.58221735280602,0.047206519151615,0.000000625742865360826,0.351776981354455,0.000588098403105921,0.0387390723161223,-8.69771085982136,0.047931228099132,0.000000701143895391416,0.343186353199337,0.000657623601572005,0.0416866441768032
"31",-8.47734975066151,0.04632773279983,0.000000567349612116247,0.33429428540441,0.00060220532263825,0.0414892094124854,-8.87021510262251,0.0514240812497816,0.000000621293316444933,0.330014695880778,0.000650386926839176,0.0463638446153766,-8.40385720659924,0.0456296220534232,0.00000067159547542027,0.332005756874115,0.000644748263214472,0.0403405406154008,-8.5090405143019,0.0451679177915994,0.000000549766955776537,0.342063754118296,0.000575160710596943,0.0413541487111134
"32",-8.48800927160341,0.0464341689427816,0.000000658501916571697,0.336532210493151,0.000564777585141036,0.0410211295473319,-8.97122596183084,0.0519490787334201,0.00000062130575818482,0.332109673388167,0.000591628716028257,0.0483164058443762,-8.50484422794419,0.0459214227112988,0.000000705289972585983,0.334163259548561,0.000590050479911453,0.0423089254836901,-8.47836449211714,0.0468544606918362,0.00000064132626049222,0.334130584951763,0.000572918500859135,0.0407844124036296
"33",-8.44797951719376,0.0464072538313938,0.000000567082282854444,0.337851092865261,0.000581578968478942,0.0400915650513582,-8.9103369201572,0.0521235753765587,0.000000587873866236596,0.335775840320275,0.000578664383126208,0.045933109940832,-8.41247039374195,0.045752095928526,0.000000610377600383587,0.336997390548238,0.000575604810372455,0.040003791115428,-8.7885302774637,0.0477249668977825,0.000000873255441496449,0.353901664689521,0.000599873831508711,0.040747491176468
"34",-8.51118153034982,0.0463002559407946,0.000000635986457312476,0.339514616090747,0.000568981878524929,0.0409894063696061,-8.86767607004058,0.0520641598483818,0.000000614421831034389,0.340398982281748,0.000618663505061417,0.04353981531369,-8.38241442303693,0.0459644870928926,0.000000660920610157198,0.341804853066972,0.000629505405607097,0.0374540550059426,-8.58456509358706,0.0468201507521939,0.000000502561042641575,0.346189197309988,0.000596006605784597,0.0408134641673736
"35",-8.57045940923084,0.0466821157126413,0.000000600053291578245,0.342936298234388,0.000590713146926371,0.0410571216522591,-9.14675602199099,0.0540792226618521,0.000000569645613076358,0.347303271400963,0.000568293008517885,0.0465366123783736,-8.72438043937568,0.0485265118370916,0.00000060395766055468,0.351488409247815,0.000559889236713666,0.0408058704094778,-8.57077759465292,0.0472218507688338,0.000000534285876473974,0.344060233465125,0.000595502532703427,0.039881558151399
"36",-8.44453677076659,0.0474326704372597,0.000000532729416972442,0.333968531741256,0.000566776621598468,0.040168181722034,-8.96121711136959,0.0536151426208747,0.000000492230280168832,0.335248241779089,0.000603970567593974,0.0460976971191759,-8.54566788987798,0.0478748939068538,0.000000557415372149921,0.33843758489606,0.000614968902661813,0.0407922144486945,-8.39668171577127,0.0484887585076655,0.000000546544703433366,0.327550543736035,0.000567895637553243,0.0392194855473291
"37",-8.49506135957209,0.0472847691267851,0.000000576643016631012,0.335746400461632,0.00055319996001761,0.0408860968547764,-8.75895878841198,0.0519729085803504,0.000000569159143612548,0.319597837405222,0.000564493146867735,0.0462954337216183,-8.23252066578737,0.0460802573725753,0.000000614814402907367,0.317285484499464,0.000546134539886031,0.040106433899595,-8.52661028342673,0.0469643781556094,0.000000514551469772493,0.336177274913576,0.000564468841633515,0.041878292746592
"38",-8.52584101374432,0.0469846812518121,0.000000689345622504061,0.338494860692432,0.000555681363127135,0.0406324206727897,-8.94914821358617,0.0537106490794358,0.000000531838340022107,0.332799454223315,0.000585147055786032,0.0461395138637236,-8.44180914946707,0.0476917699252766,0.0000005627086250669,0.332203289265522,0.000582111083615837,0.0401003085740167,-8.53392241153921,0.0468258079628947,0.000000627141989460482,0.337458576673,0.000552001130757321,0.0412241226272655
"39",-8.48994953717541,0.0463393500999666,0.000000568500339602626,0.339474060070771,0.000580230093017869,0.0407098764574923,-9.04209460000119,0.0532086573433474,0.000000527260638991611,0.346513853751881,0.000594700638692473,0.0455572802364056,-8.61282344817941,0.0470071179310559,0.000000579514907067134,0.35175353610224,0.000590335562549334,0.0399502389735694,-8.55579311462068,0.0464183403338853,0.000000674934502404149,0.34409987690204,0.000572550166071551,0.03990225126354
"40",-8.56754337323003,0.0476136668446444,0.00000051804399028242,0.341939869457716,0.000561242563147844,0.0408494842838683,-8.91937440271197,0.0546649093238499,0.000000608303118256853,0.334375249923225,0.000562678486332631,0.0437254279289143,-8.44387062418657,0.048214222139932,0.000000695047940175499,0.335317415504449,0.000549203195421325,0.0382271595973091,-8.5957374727374,0.0476216947983558,0.000000639139977707271,0.341842559421846,0.00051376170198048,0.0410196327570101
"41",-8.60362078148913,0.0473498121002855,0.000000615378443701329,0.34036377733695,0.000553263650941757,0.0420349491692074,-9.09430695927775,0.0523178616964457,0.000000358636995889955,0.347797203009905,0.000545033027016931,0.048146800579003,-8.63177881933946,0.0464449614560893,0.000000399151407748865,0.351106777242502,0.000546926580348861,0.0419853883237093,-8.74602563540265,0.0478211840309433,0.000000717218508049741,0.345078749454718,0.000534205651046961,0.0430373722948328
"42",-8.56135770229769,0.0469964461270825,0.000000641241845076891,0.339960046757445,0.000574721465955466,0.0412921171494304,-9.03375848296233,0.0544024221286212,0.00000076296037622597,0.337453122455626,0.000580600909679029,0.0453676892200693,-8.58674370292738,0.0484668615135427,0.000000861281478908398,0.338550841230351,0.000579456580153374,0.0398972947869439,-8.57187686565528,0.0462322971644936,0.000000791802679992316,0.338686794597476,0.000577000010530071,0.0415627408445212
"43",-8.48744982641671,0.0462625617728229,0.000000585641761373113,0.340882806962664,0.000574788144836377,0.0403558035402371,-8.95788161711151,0.0514703965349353,0.000000728089056371244,0.342840891567071,0.000575033890133318,0.0453590274580435,-8.44606130057743,0.0449413314213012,0.000000784983852075241,0.342220935528049,0.000560895346903189,0.0396141715601768,-8.74502857554653,0.0483667678818855,0.000000844634991791517,0.343830239782093,0.000613559125768797,0.0418181810499248
"44",-8.5161922720095,0.0467123611719933,0.000000594384060066016,0.336870882935813,0.000568532636025462,0.0415803188698267,-8.947698741088,0.0530692980233268,0.000000617576949399324,0.328912189292401,0.000560456747491531,0.0474338678590426,-8.4230534451092,0.0469641940014816,0.000000676516395611896,0.328118850886876,0.000556305147247534,0.0409680236942094,-8.55537767712466,0.0476990156262598,0.000000697220257152516,0.331757398083566,0.000478768299622594,0.0421497906932375
"45",-8.57932238067429,0.0467726017025641,0.000000578423549919448,0.343698355988178,0.000565879031630178,0.0411852569768505,-8.9268953645161,0.0532084387013705,0.000000440871699954172,0.328777162336962,0.000637727008375304,0.0472616499414369,-8.41749964456452,0.0471856874611351,0.000000497060725478064,0.326395854391383,0.000628264691437743,0.0415155393578836,-8.65304505866416,0.0467674475961287,0.000000481791295369674,0.346602474602057,0.000521973706405481,0.0418896346122229
"46",-8.52042951266176,0.0465369772325581,0.000000584716297484863,0.337576511710513,0.000542160641430872,0.0416116694248492,-8.99352868798155,0.0537265744876256,0.000000442077890718631,0.336497697453784,0.000548940459106772,0.046834116733305,-8.46424384544557,0.0473576637474169,0.000000491192609070082,0.33494096876498,0.000560769453791698,0.0407264201855556,-8.42926488743332,0.04693588742591,0.000000408047132849207,0.333820634143753,0.000588446424201653,0.0402188136680199
"47",-8.52487678093516,0.0470997155365792,0.000000621449237304895,0.339161487314054,0.000551122649305642,0.040682312469433,-8.98086586759475,0.053275734005816,0.000000658968582996362,0.339466244761318,0.000608386834947925,0.0449975334543397,-8.50187964770299,0.0473288324984754,0.000000722246994119067,0.339953591876544,0.000605198242783788,0.0391398183665529,-8.53334135357591,0.0476721113177321,0.000000515102516330058,0.33584671925568,0.000545610585508047,0.0410684102409112
"48",-8.45570896087728,0.0460162708452728,0.000000650381521006819,0.337142954978262,0.000569733074355744,0.0404568556751379,-8.87259560178884,0.0527344988392141,0.000000486312262626239,0.333353028117129,0.00063753596849255,0.0452347757570087,-8.37443309342115,0.0468761679536844,0.000000495952431662053,0.333371175881405,0.000627327212644465,0.039206022773229,-8.47459141466673,0.0436474103614478,0.000000651796802104947,0.349664366767866,0.000572405566464638,0.0395832342603664
"49",-8.54212607527773,0.046882874340831,0.000000620622458009308,0.339287308152027,0.000529716923790592,0.0412185057714695,-9.13366573132906,0.0537155591197212,0.00000081962191011132,0.341336392045027,0.00053084982778162,0.0471075990437592,-8.66144447812101,0.0480750844760611,0.000000924551025897341,0.341733994669224,0.000521516685757014,0.0409568970175857,-8.60876708220076,0.0492978266791604,0.000000655496841590416,0.344259855497913,0.000511075374072961,0.0389328475028892
"50",-8.52193406960227,0.0468500166873898,0.000000490056782278781,0.33837546660068,0.000571945798507172,0.0415641594635349,-8.99185474080605,0.052491378792113,0.000000429362548186676,0.338172040813622,0.00053647780599303,0.0474268158844287,-8.53764264786207,0.0463392409403872,0.000000477750521526635,0.341469507387473,0.000527533088161565,0.0417060343240809,-8.56697379574512,0.0471475591587149,0.000000287526027693649,0.334878202942454,0.000571531899758192,0.0434134959377456
"51",-8.57633537275411,0.0473913894366902,0.000000554763092286412,0.34213340120222,0.000559976054978203,0.0411224151214352,-8.97757770465866,0.0534966079006251,0.000000556251435846794,0.337980413416808,0.000564619818586627,0.0455259209653477,-8.43411572497467,0.0469568106502067,0.000000551532063685896,0.337604489817176,0.00055962594068359,0.0392556006336986,-8.5970112788504,0.0456580668422349,0.000000320283686500916,0.351266778339875,0.000565972743484801,0.0416530082771901
"52",-8.57376878733214,0.0466649034865487,0.000000623598568823924,0.341381679649391,0.000576612639919606,0.0415500049759652,-9.02592453296258,0.0514923948097889,0.000000598584083625365,0.340980136369646,0.000617429600744218,0.0475586649874047,-8.56949430539791,0.0456842829455066,0.000000656621869507199,0.343978436203866,0.00060952405790761,0.0415290650274201,-8.81481347146996,0.0485671810829241,0.000000800300509698439,0.3442089646766,0.000586221003346439,0.0434669389223204
"53",-8.50050663017468,0.0469880597478501,0.000000537102851142198,0.337376425650008,0.000546918864166595,0.0410835696996674,-9.02665605218969,0.0537940035401344,0.000000615024748108953,0.341684609115603,0.000516153261435986,0.0455537578659599,-8.52217140579714,0.0475677185653347,0.00000061088966661254,0.342962959844509,0.00050872478716607,0.0394748867340752,-8.58091471748209,0.0457372316480846,0.000000561770357611149,0.346822671314049,0.000549566138770678,0.0412749533379803
"54",-8.50336764920598,0.0479307213425281,0.000000532560000053424,0.338406141515094,0.000529991056962939,0.0400301139918185,-9.13077376701386,0.0548915486627676,0.000000477081964561348,0.341661446088159,0.00048989496434698,0.0477415861522883,-8.6245570473548,0.0490361426952244,0.00000052048286132466,0.340973043150553,0.000490189621637384,0.0415058949039212,-8.64838348858785,0.0483734433342834,0.000000697796727800987,0.343998590987502,0.000524559870260496,0.0406024884217514
"55",-8.52772183319608,0.0467428287193463,0.000000558166652855753,0.339184180486134,0.000569355189336445,0.0413223041439246,-8.79729342733727,0.0517902191274987,0.000000216501160989556,0.331627986902063,0.000586845676203308,0.0458930616684179,-8.30506966919937,0.0460016423294718,0.000000207249543047552,0.331825125161853,0.000582292609016237,0.0399666626810489,-8.51220969191291,0.0474446303319751,0.000000542055974575127,0.340098372608846,0.000571714106845838,0.0398727390580622
"56",-8.4811677695755,0.0466757569457339,0.000000602693079000589,0.337365253113192,0.000583796717413935,0.0405026763832512,-8.83273434195131,0.0511927077217111,0.000000625995086404755,0.33618042575527,0.000580154742042279,0.0444434599705147,-8.36592004133104,0.0448325094820813,0.000000635686730965573,0.337395931145512,0.00058028574190252,0.0393033218654894,-8.64312261073432,0.0485139155030765,0.000000582429796450283,0.342002721851141,0.000589422483882039,0.040895792255108
"57",-8.55026921203668,0.0470163835555637,0.000000543758449991473,0.338936073006289,0.000570353022760669,0.0416825785952917,-8.98901364686504,0.0530291951257495,0.000000464099547857093,0.337110892382346,0.000561410550215409,0.0468375322825556,-8.53676743077007,0.0472588267576383,0.000000465418724008602,0.340959080522349,0.000551815774168976,0.0409001213288792,-8.61683052062207,0.0456620962191668,0.000000375410418943122,0.346755657401197,0.000519556721664826,0.0429612559194013
"58",-8.53082313841567,0.0473278163703752,0.000000550240011078676,0.339471050520994,0.000556461131525561,0.0407896267582739,-9.02063792695367,0.05480359293417,0.000000535699879213904,0.339215959101549,0.000579504397590647,0.0450240950910129,-8.60509002326623,0.049226916591814,0.000000586955042419071,0.342701371074324,0.00057876854077423,0.0395712334208445,-8.55388712412051,0.0478363693969714,0.000000453016978688959,0.33737043136589,0.00059192212898243,0.0412247620505615
"59",-8.63780846414319,0.0477049345050626,0.000000564800674600118,0.345445532570443,0.000567348586124429,0.0412870066738641,-8.98839790508584,0.0537419880753697,0.000000444697196246825,0.337691421610102,0.000594515658293657,0.0459666441508588,-8.5404637749332,0.0478434752378857,0.000000484251753783869,0.340380799112615,0.000589597802319677,0.0403141649536959,-8.8618037626309,0.0493784539740054,0.000000654761849401572,0.351272183622648,0.000543559652139722,0.0427488997528033
"60",-8.5820540937969,0.0478208815033539,0.000000570315223822755,0.338820944865817,0.00056796341011136,0.0416158853563476,-9.1909874829519,0.054954071547513,0.000000558686832239087,0.338381260423159,0.000581267155759797,0.0492352287625186,-8.72665694225319,0.0492768996860251,0.000000627092099109993,0.339349569818964,0.000572408299919839,0.0433158230409911,-8.55633331597058,0.0470272888583056,0.000000452418003897845,0.335137741933532,0.000544075527438794,0.0434051595106978
"61",-8.471813223415,0.0463949478332659,0.00000065987392320533,0.336023550872953,0.000571596305319706,0.0407374941512321,-9.01312995137855,0.0522009469184607,0.000000772275485515128,0.333070598862074,0.00057514909479481,0.048076790969282,-8.4642630000568,0.0460663176440091,0.000000773848307361728,0.331895126235802,0.000567455499972782,0.041458663215191,-8.42751251714914,0.0458491668384821,0.000000465926809880552,0.333481289429679,0.00056356592733874,0.0414438309579423
"62",-8.45608657317134,0.0458172446518674,0.00000058737324704974,0.337202978327944,0.00057834887310286,0.0409215503430694,-8.93181133591068,0.0504317961654142,0.000000629427304207641,0.340848481955613,0.000599745043434822,0.0464330143804723,-8.51399461754838,0.044762330078903,0.000000708225762111114,0.343519946064972,0.000590550702234438,0.0411037833153135,-8.72840648699824,0.0458939029182113,0.000000639528609213491,0.346452333945867,0.000554799400516465,0.0442566250821007
"63",-8.5708882134697,0.0468966910807528,0.000000693086698454946,0.341613229616398,0.000565571319177844,0.0408285113706508,-8.98963492316033,0.0513610829214507,0.00000067141347718318,0.331705612621243,0.000550735204206976,0.0487468828815458,-8.50851511949062,0.0451539286602636,0.000000708021262801002,0.33294583171086,0.000531258970556341,0.0430516413762538,-8.51051986624177,0.044922498339973,0.000000669335307531225,0.335777773533786,0.000539063287999488,0.0431174374391338
"64",-8.50292847878552,0.0469418535844978,0.000000637913462019039,0.338588762984313,0.000560081146856089,0.0404012751935938,-9.05033906202953,0.0529227397424256,0.000000548121701232995,0.34204384859523,0.000570022342832074,0.0470270300502566,-8.59206154795579,0.0473654859244199,0.000000577125988064856,0.343419720120159,0.000565525752046854,0.0411892245238643,-8.54369074756687,0.0481275499387619,0.000000545872383464871,0.339803118676391,0.000578679985883723,0.0399967488417545
"65",-8.57003755669535,0.0464692129160777,0.000000696476819858801,0.339881831581394,0.000557378585223265,0.0417994424387363,-9.20628470977782,0.0531203167831016,0.00000074338953998112,0.341284362652561,0.000557637173595762,0.0498777613382119,-8.68616903330503,0.0470346695307152,0.000000724831840667489,0.339516785520756,0.000548414536284186,0.0441084828116707,-8.70819495464741,0.0473051934900826,0.000000601386726263536,0.34806590814671,0.000572779096432455,0.042441300133939
"66",-8.54694043491539,0.0470726647681676,0.000000657860191534346,0.33927601268216,0.000563831879200286,0.0410657558970525,-9.01140358292362,0.0541826309187522,0.000000570719438811434,0.339963130256591,0.000576764785021609,0.0452652179544922,-8.52881085068319,0.0482153091449759,0.000000573561343141701,0.341043447587704,0.00056990601146307,0.03945224145983,-8.58639799062382,0.0463165625719017,0.000000590676186895991,0.350442321955828,0.000573791401773129,0.0396691045857641
"67",-8.63173284641589,0.0483520679732285,0.000000526329005301677,0.345240680051879,0.000549385046571355,0.0410245010316805,-9.01010383234455,0.0539060893747468,0.000000479909459499468,0.340938637694967,0.000565659928855151,0.0456342103496345,-8.53282514370151,0.0477202850348536,0.000000554210255499827,0.342634998011218,0.000552010386485906,0.039712154344665,-8.53289010537602,0.0484371513569128,0.000000555977916667356,0.345309808500422,0.000553001600996938,0.0383749554728828
"68",-8.62287912319272,0.0474326581800965,0.000000582124901679902,0.342060548820031,0.000562541593946265,0.0420038220337136,-9.01379007787393,0.0532387483612663,0.000000396627372413033,0.336791538642922,0.000549348625776717,0.0476363713293824,-8.4823667489443,0.0468864634036854,0.000000455132107327915,0.337496713112374,0.000551686960329456,0.0409018743293444,-8.60522920740429,0.0474713855765439,0.000000350785994736834,0.343771511718561,0.000569224848494571,0.0418073621221772
"69",-8.54911379701865,0.0468576044065403,0.000000578329674851961,0.341410915455848,0.000581240273576843,0.0411046844691011,-8.89914078570954,0.0523691731304071,0.000000555990042180944,0.334019624116958,0.000569146998434061,0.0459173122050898,-8.37856489716888,0.0459473339158553,0.000000657424108581508,0.332787370927965,0.000558921377813485,0.0398123449140849,-8.60653719119557,0.0468599356888653,0.000000503439173562286,0.34512353362763,0.00063141989535766,0.0414549083710611
"70",-8.50203258349018,0.0465191122376992,0.000000536609776727771,0.3433052897959,0.000553298003080344,0.04002657908157,-8.99906130341598,0.0537134743393063,0.000000410747356105961,0.334004585652098,0.00052466269176147,0.047824736680941,-8.49961491496993,0.0477770441443218,0.000000450671178042585,0.33283336084125,0.000523619443392769,0.0419565690145823,-8.60907417463361,0.0475863556992494,0.00000042956591948387,0.352283696833311,0.00056662172967897,0.0393522153004299
"71",-8.51198663056703,0.0463486838434333,0.000000491148737577435,0.341663493342688,0.000570337657458857,0.0411055673751697,-9.15260134433431,0.0535815524396302,0.000000373657564482024,0.343904734855771,0.000581271653086478,0.0492584494527122,-8.71571447775873,0.0481016666618821,0.000000395889228557968,0.345502556650583,0.000579229194675609,0.0437947329209725,-8.62461985291241,0.0460706782513811,0.000000491413943824314,0.346826665449577,0.000519718969948087,0.0427020476040139
"72",-8.65076909532616,0.0475503395206669,0.000000578411125810825,0.341497969820866,0.000572673166926735,0.0427068981221551,-9.1087093054092,0.0525216649838446,0.00000051577928001431,0.34473626523371,0.000560760070887118,0.0480555776509843,-8.68365102727202,0.0470453524016733,0.000000578097126454696,0.347204775711725,0.000557591053565411,0.0425191308476248,-8.7673768694956,0.050267195444612,0.000000541369028666712,0.334390339419675,0.000557426709131932,0.0444291428260373
"73",-8.5208199258572,0.0468539550497248,0.000000652023879857314,0.339200117847435,0.000582164536772568,0.0406036474868429,-8.88443198073319,0.051415543961654,0.000000682946046653872,0.340935791496707,0.000543682791838898,0.0440542689485954,-8.4563062980555,0.045569780455599,0.00000070388820095806,0.345051708089974,0.000539713329259838,0.0385688167680843,-8.80720563212605,0.0490920425425601,0.000000884613861447429,0.350323324258596,0.00057734842921813,0.0413250637002444
"74",-8.64401104904212,0.0472028406197554,0.000000627817313392482,0.343399342956222,0.00057479150832707,0.0421396080726442,-9.18690305538076,0.0532822604159375,0.000000610989138574886,0.33768918802171,0.000570058530415736,0.0506943522007914,-8.66450860048888,0.0472216953647893,0.000000654345144649191,0.33840396547065,0.000560697692803042,0.0439592221211473,-8.53209389820463,0.0456489382103143,0.000000501655037121428,0.340688656446535,0.000535369847415158,0.0420616085714396
"75",-8.5480773644013,0.0471408294627871,0.000000592081229716891,0.342224916211188,0.000568734251670869,0.040449336268849,-8.97869249360078,0.0534314666588861,0.00000058602322572914,0.338828579471893,0.000623730779693831,0.0453151082823285,-8.47205576634152,0.0473415309709429,0.00000063135597087766,0.337824313257199,0.000611049084295938,0.039409403535308,-8.56495054898592,0.0490987925134868,0.000000697045469282547,0.340582235701952,0.000549171915374328,0.0390073854455739
"76",-8.4544116146199,0.0469400408666505,0.000000482996353094304,0.333123487400934,0.000555177765542665,0.0412784932096883,-9.05879237308408,0.0543231512445827,0.000000542929659656631,0.329456766487965,0.000562953797100024,0.0490041502219764,-8.58336242109504,0.0482368481901562,0.000000608074505515022,0.329045499769339,0.000562935241025862,0.0435509187145321,-8.49033356486741,0.04770454577971,0.000000581175055946255,0.336545694342046,0.000522559158407755,0.0394650463594988
"77",-8.61965105968457,0.047242310783134,0.00000070648030393459,0.342272696088225,0.00056787781130904,0.0415609219917296,-9.14163114311034,0.0544531934289161,0.000000905542111591915,0.333859881222442,0.000566414428166668,0.0479567540343527,-8.65327600282633,0.0484231934978876,0.00000097141087704391,0.333516847387928,0.000547623072615642,0.0422043679168631,-8.80006544220631,0.0498008110472806,0.000000733696722843076,0.346495075548174,0.000538153852562526,0.041902637356837
"78",-8.5137449985151,0.0472726196384381,0.00000058952631388094,0.33765891573577,0.000557939255451639,0.0407785755173227,-9.09217654198313,0.0529803318541545,0.000000450349417779145,0.336907347009798,0.00054149147735357,0.049799814282462,-8.65932890400295,0.0474178823516482,0.000000527160470124799,0.339771537456665,0.000538488387854932,0.0439641813206533,-8.5470197960469,0.0490950713395005,0.000000545144516341023,0.34094576388359,0.000550152979589615,0.0392433791001701
"79",-8.5416219649298,0.0466534608668337,0.00000065259893526966,0.339465452700817,0.00057379186595543,0.0413283320943447,-9.023292686506,0.0532269966210934,0.000000660474350891869,0.333466148194172,0.00056733557324751,0.0476811676809919,-8.5421411429893,0.0474514789492336,0.000000678885449552372,0.333020844478981,0.000563126321860417,0.042022600175285,-8.87821165868266,0.0489469206586856,0.000000919440200408056,0.354011796263975,0.00049196654254696,0.0420079702121469
"80",-8.5510594996609,0.046992171879921,0.000000635655548060579,0.338030318468231,0.000559829875891905,0.0416164061168933,-8.93006237662724,0.0534867774609277,0.000000553912297552777,0.333089133199459,0.000605632127658104,0.045784751694147,-8.4878259041181,0.0479653706470771,0.000000621431221359582,0.335046593220555,0.000602018914430014,0.0399578163636423,-8.56179314222622,0.0454235281924132,0.00000077346020871196,0.343803335201634,0.000597646669353186,0.0406409135359521
"81",-8.57481947697984,0.0474631916100403,0.000000630780997146289,0.339783037738074,0.000564869810261372,0.0413264557158427,-9.0413795594128,0.0551960978514597,0.000000624507075618634,0.34134401319574,0.000578826543463043,0.0444997234627136,-8.60906755395144,0.0494928358969439,0.000000627529226489791,0.344953272965204,0.000569825157117773,0.0389615628378784,-8.57686885712365,0.0470288891622196,0.000000414476995274025,0.337898511737722,0.000503224117545086,0.0427309787462176
"82",-8.56097766278867,0.0468271758636777,0.000000701329257713754,0.337811473611379,0.000570164636143903,0.0416858198196432,-9.17263749122593,0.0535112832560178,0.000000743749548238413,0.342943761686291,0.000598547358975354,0.048126479217643,-8.74463223123086,0.0475899106625335,0.00000080945930602434,0.346944030083301,0.0005887602108263,0.0425467321722945,-8.77306590104446,0.0481296811527986,0.000000564751353550702,0.347075613563267,0.000539188548947234,0.0436430559520513
"83",-8.59319241649315,0.0469489887596932,0.000000582290421807039,0.340127777391848,0.000563570511902113,0.042344160600299,-9.19272975880658,0.0531154017549645,0.000000630761054144732,0.336994144733932,0.000624395200248207,0.0510437629080029,-8.72482688434399,0.0470341338817113,0.000000652903054794674,0.338857762101122,0.000617452100394447,0.0453811563146031,-8.63721429929847,0.0482434124373034,0.000000577283266655111,0.34129548780062,0.000612833074242182,0.04135901999072
"84",-8.6167764714686,0.0471764352893867,0.00000065907402746039,0.344331509057257,0.000576774539337348,0.041248927931958,-9.07532532364783,0.0530183974497112,0.000000650760119566696,0.3462936518663,0.000560644476366817,0.0459172034193112,-8.57615045864486,0.0470086656633761,0.000000684961317213995,0.3475566631245,0.000553149755988484,0.039592933768001,-8.70477871218385,0.0492856662952202,0.000000710197277965289,0.341577630517106,0.000549869415976264,0.0411334123561784
"85",-8.54350792933851,0.0472859258972115,0.000000723659903906772,0.337138786091981,0.000555947924073017,0.0409463040487514,-8.87772411329281,0.0512509080314426,0.000000559089324179379,0.331309826764395,0.000575023502078239,0.0468768277699651,-8.36830587042525,0.0446103454071912,0.000000578115060912307,0.333126281799086,0.000572757254237673,0.0408235058095981,-8.58635389420725,0.048692525150865,0.000000765370926079038,0.327699603762709,0.000560553716550596,0.0423316762073652
"86",-8.6140235353213,0.0478287793092275,0.000000554881627324125,0.339213309311602,0.000591562285499834,0.0420815378755382,-9.00128553973127,0.0544078626910263,0.000000683067376964762,0.336052272802192,0.000597842040778815,0.0449458814884468,-8.50315159849404,0.0479422355796102,0.000000735881318969176,0.335289603938504,0.000587538056998317,0.0395263038367587,-8.61776487438377,0.0478130311662498,0.000000663773727154899,0.341783900461988,0.000525881149720828,0.0409718738974689
"87",-8.54971775177779,0.0468625542130269,0.000000650664240210991,0.337269665875776,0.000536983931796976,0.0419192459640929,-9.0460282826529,0.0528168925020295,0.000000525592722155908,0.338295875552245,0.000534125410798421,0.0480613256890489,-8.57180289696083,0.0469470333913385,0.000000581908631500652,0.339939024287121,0.00051886846654789,0.0420101421392482,-8.72417877220907,0.0475916944896057,0.000000793431065902983,0.344734140559289,0.000487078073626358,0.0425951514957496
"88",-8.46956578762302,0.0468252562659082,0.000000409453525004518,0.338140156388578,0.000565406669943646,0.0407297090324343,-8.90988354627951,0.0527992504424284,0.000000415657891666678,0.336432439856107,0.000600118551540533,0.0455784423818801,-8.47066588905948,0.0469502151395427,0.000000486365052437514,0.340088320732069,0.00059384883280858,0.0397333253543716,-8.51614405422372,0.0468330159715063,0.000000455035993967696,0.341465516607546,0.000568979700668669,0.0407292000605162
"89",-8.58116696594392,0.0472871526180926,0.00000062575794080396,0.340836763481766,0.000551861125303687,0.0413514157998032,-9.09358931353051,0.0538156301441636,0.000000516179535717964,0.336848761534075,0.000535937158143927,0.0484912107858148,-8.61105144245868,0.0479601009500303,0.000000527441458008827,0.334860751601021,0.000532967768414123,0.0433073367398697,-8.76587721136965,0.0495093645791894,0.000000661383730491071,0.342654876120874,0.000552255566651817,0.0424443067295918
"90",-8.5377189024791,0.0468124662482938,0.000000688507647409326,0.337677024833939,0.00056688178729678,0.0413468450547202,-8.89309180236318,0.0515725712122555,0.000000736985271657943,0.330432177235256,0.000561191820101532,0.0465176314595809,-8.41967768955864,0.0454874589566525,0.000000788295477609315,0.331994490778713,0.000549022986086682,0.0407128958255893,-8.64614461458705,0.0470463463412659,0.000000899238568327546,0.340083628295351,0.000614695571518415,0.0416603110446229
"91",-8.61358407642435,0.0469216201806916,0.000000709408145506344,0.342349908177367,0.000560802976898378,0.0417047714772684,-9.10344477243292,0.0516896429066928,0.000000513999293494064,0.342884251660141,0.000599651707634388,0.0492651745066122,-8.65445849111164,0.0458213992361052,0.000000578432004373451,0.346212630822914,0.000594633310879918,0.0432990801452555,-8.57957765122171,0.0454719650752436,0.000000892105956443445,0.335118937923522,0.000564094461585739,0.0429682171821724
"92",-8.52072430756583,0.0471412358544168,0.000000596837761567748,0.340358235615373,0.000563558920013723,0.0403156202949072,-8.79232355299139,0.0525525847527327,0.000000560079192565585,0.332248411529341,0.00055108323434783,0.0432370074643447,-8.35835291363111,0.0466059345806034,0.000000603365484804341,0.334897697394546,0.000549587303148092,0.0379727570188872,-8.67962114266902,0.0487600633871762,0.000000582832709699843,0.341867390828752,0.000509767260863268,0.0418671200631608
"93",-8.57777693997673,0.0471186650159555,0.000000612372524330195,0.340571085347645,0.000541619912769727,0.0415627213773731,-9.05874475455421,0.0532242130263394,0.000000508783517513013,0.338000835285151,0.000607866282667507,0.0479998140030016,-8.5825613284449,0.0473328614298336,0.000000536159650402024,0.338763344433496,0.000600382394591375,0.0422288966053443,-8.43111147392965,0.0464197259531813,0.000000607477798762937,0.323526740475632,0.000535473653767827,0.0427301974302877
"94",-8.60173742129276,0.0475177467042331,0.000000607128891220352,0.341431936847859,0.000562617402470146,0.0414936388118342,-9.20834406156082,0.0543183392208011,0.000000443706940775709,0.342027930542701,0.000614670594420438,0.049889810359658,-8.73067226554495,0.0482634765097314,0.000000453069986614629,0.344994496857437,0.000607801935146394,0.043754226349527,-8.56083035470772,0.0469700138438616,0.000000533916017702744,0.340579446770478,0.000539983516469932,0.0412895617253491
"95",-8.52477534156855,0.0464248824483145,0.000000587949243794795,0.338248593946076,0.000563757099130643,0.041650864413095,-9.02412939383266,0.0530409926877917,0.000000693990090107791,0.33221969089752,0.000510688733521798,0.0481902221281465,-8.48923333794204,0.0466867852314628,0.000000718438247632227,0.331405017665115,0.000499206503450004,0.041927920865309,-8.81910196238185,0.0477104187935112,0.000000853443660999989,0.345816387668353,0.000528351378035843,0.04350164718749
"96",-8.55409605800254,0.0472058975268803,0.0000006377263740984,0.336786336436071,0.000578686757943146,0.0418179627709615,-9.2101459934758,0.0536111416073427,0.000000660039483810979,0.338673833247095,0.000585347717090215,0.0505722858717488,-8.7391893944344,0.0475875568096266,0.000000713884767325601,0.337749128507977,0.000579290244050055,0.0453329273369249,-8.51178921565135,0.0458242961983822,0.000000559380327797103,0.339839022589116,0.000566899659426203,0.0415992019958472
"97",-8.53061540226109,0.0459293906351954,0.000000607666376864725,0.339779704696181,0.000570315424933083,0.0418245181025425,-9.09631931911911,0.052572816703406,0.000000470539294635272,0.342693014391782,0.00057918746963471,0.0485393148665144,-8.597889559417,0.0463510764665856,0.000000481261969750799,0.34405764351078,0.000584089602409259,0.0424628292132304,-8.56244126477583,0.0464289075845068,0.000000719193443450826,0.337050689840947,0.000575997927936054,0.0419888676362562
"98",-8.51882327588362,0.0471472896629993,0.000000571590321272762,0.336494504226028,0.000555984375059334,0.0413149415387576,-8.93056638707669,0.0527385197946143,0.000000432280693799239,0.336123669920027,0.000535921392226266,0.0462693033694656,-8.47256785649033,0.0468101872107208,0.000000508663195671952,0.338671698654173,0.000527180495742139,0.0403141350705139,-8.67383927549135,0.0493426203144148,0.000000770322489722905,0.338783456433235,0.000588426683073637,0.0408027768351364
"99",-8.6388457520746,0.0478199586433791,0.000000565026846826635,0.340977087823303,0.000556078340654428,0.04243047195749,-9.06370479935127,0.0539638558532836,0.000000512475007079235,0.332322269161478,0.000558989815955242,0.0487741334662875,-8.56850886066672,0.0477110671767744,0.000000525732248572172,0.331551307988803,0.000551859100744649,0.043361881879807,-8.74412525215608,0.0490203300287665,0.000000437215641096274,0.345677782933759,0.000508320660975373,0.043065405612269
"100",-8.54847360593199,0.0477979059674891,0.000000681080330318972,0.336879121843895,0.000556422411986171,0.0408465859274757,-8.99341557900104,0.055531555772677,0.000000625419790101639,0.337257244125242,0.0005585567079235,0.043918740011412,-8.53315502071258,0.0493913223911804,0.000000683014032901569,0.340252002144382,0.000549730874567091,0.0380749497449681,-8.67245777350365,0.0486252407895424,0.000000600721849870681,0.344778433028606,0.000549083397693371,0.0411426239191779
