"","intercept_logit","age_logit","fnlwgt_logit","education_num_logit","capital_loss_logit","hours_per_week_logit","intercept_cc","age_cc","fnlwgt_cc","education_num_cc","capital_loss_cc","hours_per_week_cc","intercept_wcc","age_wcc","fnlwgt_wcc","education_num_wcc","capital_loss_wcc","hours_per_week_wcc","intercept_lcc","age_lcc","fnlwgt_lcc","education_num_lcc","capital_loss_lcc","hours_per_week_lcc"
"1",-8.40473882348286,0.0472907585477695,0.000000512918579971909,0.334165966883764,0.000559490061384681,0.0395838559602571,-8.70728769601526,0.0507575097678424,0.000000447418963993903,0.328581574769026,0.000558976960001857,0.0448043749766837,-8.23004031044909,0.0447615197280702,0.000000426391233918057,0.328486530562099,0.000567305931529628,0.0394843315455443,-8.28610147480077,0.048091805304616,0.000000469857967838752,0.323462091624441,0.000572311672121467,0.0392846733928315
"2",-8.56168756871894,0.047481481234024,0.000000661873456150585,0.337672891758673,0.000566647315898197,0.041218402907485,-9.04560138819893,0.052615646399954,0.000000480807694694521,0.343546096804005,0.000540378383331599,0.0469402993987572,-8.61987358952316,0.0472501154692609,0.000000616686929100556,0.346862843319985,0.000533745570600315,0.0407738633601351,-8.71648054902353,0.0475488181972333,0.000000925891009448012,0.343836920768711,0.000544157328659926,0.042301635833241
"3",-8.4932145790444,0.0463291032439068,0.000000309174023222337,0.343668525691562,0.000561700363503306,0.0409363858133441,-9.05544524205602,0.0518412026689206,0.000000291912697024698,0.344087603797997,0.000586394690617707,0.0486687196984743,-8.56907145432024,0.0456632904640398,0.000000380930917920082,0.343955467209309,0.00059077170028164,0.0428676116144292,-8.43814503382412,0.0489805894446824,0.0000000891363627829714,0.331964568875782,0.000610006740586699,0.0410827303484416
"4",-8.42824510361397,0.04698316043867,0.000000717659623795764,0.332884571890494,0.000543604260232709,0.039848489289336,-8.86670605572582,0.0541688667227106,0.000000548033704043019,0.334911129127124,0.000559499423380206,0.0434812803312983,-8.37633679057709,0.0478279873512924,0.000000517356572116425,0.336060573145332,0.000549056961407288,0.0379771867780593,-8.33739297949763,0.0454151906957991,0.00000063780816003335,0.327323856706729,0.000534033691746376,0.0407670376522583
"5",-8.53501157359135,0.0467566134498737,0.000000472372468104496,0.340638752058286,0.000547280120151182,0.0419643161194793,-8.95514470939319,0.0527404150063202,0.00000044375006052708,0.330742142870396,0.000605409182796563,0.0483096154315501,-8.51115353289044,0.047458614247662,0.000000465250672946696,0.330222169020058,0.00059722993352706,0.0430380547936259,-8.61219985022162,0.0468751812858729,0.000000414189512309174,0.344757653717236,0.000614456733668608,0.0429373885453963
"6",-8.4876933201306,0.0468306029601555,0.00000057632240329189,0.341185421962529,0.000575828312856957,0.0396892356313805,-8.7754248563571,0.051988199579696,0.00000052954283027355,0.329211386574151,0.000625224530352007,0.0442719218818759,-8.21118967543951,0.0453725981134475,0.000000556210623561432,0.326815237877949,0.000625005105744854,0.0379550561255675,-8.48451624029202,0.0500016551566017,0.000000376948552929449,0.335277411927372,0.00061557350803478,0.0388300819983061
"7",-8.55666345258918,0.0463650945327535,0.000000404413316915607,0.339851881680592,0.000573778166184126,0.0428193505298568,-9.18523465824962,0.0538685444699607,0.000000441803763532777,0.344185430441613,0.000643122068868527,0.0489472949113723,-8.73023159938087,0.0477004641206371,0.000000487942397632791,0.346995945422475,0.000648034452124802,0.0433238641236418,-8.52410284490321,0.0452943114841974,0.000000492857634299216,0.344854160321331,0.000508551805463621,0.0419039209983848
"8",-8.51780489816871,0.0482175041978236,0.000000514566581075382,0.337216595930709,0.000546874696315634,0.0402665782513401,-9.20532126196663,0.0574320478644078,0.000000383942942570285,0.34126557091644,0.000502946551069411,0.0471957079838777,-8.75077788625638,0.0512485664685985,0.000000421737605601998,0.344326303070629,0.000492956816175315,0.0416007065547625,-8.37668464790935,0.0467770730019608,0.000000575347670005801,0.340305737652428,0.000532614744299498,0.0377712951989003
"9",-8.64141307388666,0.0473778831672305,0.000000758830054424613,0.346511937605698,0.000547166290288308,0.0406853045087407,-9.19850776378137,0.0536106360768568,0.000000965171301524469,0.344965332649742,0.000592221114973726,0.0472904613066658,-8.69885106885406,0.0475277510973928,0.000000984513809932753,0.345295865168235,0.000599959612045438,0.0412814741972804,-8.48580537135857,0.0464008063499375,0.000000873055560068595,0.33607737268997,0.00055878289652056,0.0400364737822866
"10",-8.55770117600163,0.0471860846866806,0.000000543530189666886,0.340405824236904,0.000579497869264048,0.0413989327733552,-8.77937177894301,0.0525758114817773,0.00000039971851315164,0.3334287431031,0.000613316501431492,0.0434018279839791,-8.34035278431896,0.0470505530878899,0.000000500938974192632,0.335847548966465,0.000617037869801182,0.037378258033564,-8.42085642143215,0.047241118276066,0.000000850452948548369,0.334522931362546,0.00061076275306773,0.0392000287630238
"11",-8.71151383749455,0.0476950068930226,0.000000724203033211653,0.347904183494543,0.000569034652489431,0.0416997282233153,-8.87719104972645,0.0509702271299908,0.000000682312799571119,0.343656456372634,0.000481990631590747,0.0434224671559727,-8.41746845178561,0.044830795300522,0.000000704331949964046,0.347227325587633,0.000454927337000886,0.0376979852147013,-8.95627999348535,0.0505732574528805,0.000000714131907377177,0.356523879108476,0.000592352117918648,0.0423729957656704
"12",-8.43891923815294,0.0458233162943203,0.000000472209591476367,0.333527895940787,0.000577036047968464,0.0419862377662929,-9.01302780604871,0.0513961709882075,0.000000623223000253701,0.328287132777454,0.000601257579252491,0.0505848217174143,-8.49672742309018,0.0455658506470797,0.000000669881857559874,0.325597490123704,0.00057385917838439,0.044657076489524,-8.25483286302643,0.0443258241883611,0.000000367541513376679,0.324822027352479,0.000618509118474738,0.0423497358989491
"13",-8.6323873132051,0.0468073635593639,0.000000830624863684238,0.34157730999069,0.000562494566707294,0.0418014958105218,-9.14799120841392,0.0540606281397119,0.00000078574130470382,0.343188141836627,0.000589364552222186,0.046788752642267,-8.653312109854,0.0479084734574681,0.000000774891283774717,0.344711459618696,0.000581528108219211,0.0408041642705099,-8.535496907611,0.0459936689304246,0.000000886352927152099,0.340920263244381,0.000643295574229853,0.0405123037381433
"14",-8.6221206690943,0.0472196036772558,0.000000596660577891157,0.34317586486122,0.000551249112043325,0.0417787108969248,-9.00886963904272,0.0522470494391919,0.000000462296618553396,0.340951914199836,0.000549923958395267,0.0468381440956586,-8.51149043819287,0.0462842080244368,0.000000557826792317203,0.34268336951148,0.000545569901055037,0.0401337445636763,-8.72395397889085,0.0492042415623516,0.00000087889357766212,0.343043887810634,0.000564024971159124,0.0409547325564972
"15",-8.58141004257473,0.0467487194283959,0.000000688750950854167,0.3410474146253,0.000587202346011703,0.0416094738042409,-8.97344387863103,0.0532079519908087,0.000000559411977767231,0.340666869578348,0.000640801802805042,0.0452011675367793,-8.45136647768354,0.0467369626311066,0.000000580019312319782,0.340452010912915,0.000634248939429612,0.039183104610937,-8.6490290826586,0.0474487277939363,0.000000870693565713281,0.342534158990836,0.000577799414516735,0.0420179218341908
"16",-8.39528011715419,0.0461429549241881,0.000000530680466428677,0.338537880803668,0.00056832862810068,0.0391718082597174,-8.83406447268953,0.0506698254482616,0.000000209612876117409,0.335237251225988,0.000638192159438377,0.0469779321690516,-8.36124630799994,0.0443976657232838,0.000000261432466893045,0.337153451656338,0.00063650214716072,0.0412531074942974,-8.36999747219315,0.0458242686211967,0.000000757023419146213,0.334988462406653,0.000608264251312864,0.0387762298948543
"17",-8.5689257443223,0.0469059230811653,0.000000710439618875223,0.337615265806876,0.000568500427632722,0.0418808357580611,-9.1443029980596,0.052852235019677,0.000000675913442340567,0.345877254006976,0.000621960876476364,0.0476237731798214,-8.73104250241349,0.048280316738478,0.00000070534016492436,0.349115730476549,0.000630029686424283,0.0413947830558946,-8.60528888870339,0.0471547033903599,0.000000738145345182163,0.337328735237547,0.000563046859119934,0.0424030564347556
"18",-8.57925243344217,0.0461189608618972,0.000000594518193925386,0.343004651380477,0.000569454854060688,0.041998474357848,-9.25693645434133,0.0542702062468533,0.000000620210604277428,0.35436736493193,0.000534196544974779,0.0475284336302734,-8.76464428396234,0.0480935207852227,0.000000643553763757086,0.353622434965324,0.000515112344564744,0.0420774521763351,-8.60678580346027,0.0476522408317766,0.000000571765437203951,0.342393613710173,0.000528903045333067,0.0416217153223054
"19",-8.38635272328066,0.0458308419094851,0.000000671378676161471,0.336371289512475,0.000557828175622825,0.0390043119732335,-8.77953626444112,0.0513023359538699,0.000000616989310305429,0.328577995814194,0.000568898932778777,0.0450063488645682,-8.27173744284296,0.045022928221802,0.000000603882064913074,0.328984932622961,0.000564814282780137,0.0391127971713017,-8.50338045263851,0.0468564153513981,0.000000980745406724497,0.343022578911515,0.000536690406779191,0.0382828563757999
"20",-8.61729067070186,0.046887211930434,0.000000824514500863264,0.343408487326709,0.000546237259855167,0.0411294092828095,-9.40672989817135,0.0546799714914634,0.000000980629155765607,0.357811082436686,0.000493706339040511,0.0482116611112662,-8.93235197338403,0.0487281614237632,0.000000984425452127239,0.360080978794758,0.000494524339194569,0.0422008868846763,-8.66272375805264,0.0470232746890362,0.000000954096799912188,0.349432168804033,0.000560607714834529,0.0398871583956864
"21",-8.54995358723829,0.0472478853576353,0.000000566815840065432,0.341577537635546,0.000523014109847032,0.0408307175890837,-9.01221958116196,0.0532782449998007,0.000000540425023456416,0.334818992982826,0.000550728558632103,0.0475101965332912,-8.49599264776274,0.0470864045139982,0.000000586413558597435,0.332502150281411,0.000552474022507722,0.0417736100400956,-8.54673951708106,0.0475557599156199,0.000000425711487209734,0.336922460422023,0.000550093271215893,0.0421112325219045
"22",-8.64693675424128,0.0479756032177843,0.000000593932332975466,0.340679283108781,0.000569459809207245,0.0423381985951184,-9.22584983016779,0.0541268760915886,0.000000648598421375757,0.342926647577677,0.000591872975257948,0.0492680158590729,-8.79610597870542,0.0479721710796496,0.000000803668759291727,0.348759897819481,0.000598442721917294,0.0429811244725789,-8.70765206533859,0.0494218232927778,0.000000300047954916474,0.355810018108212,0.000555424106921322,0.0402695540951505
"23",-8.6990365937685,0.0470985989295293,0.00000050437177323066,0.348384076485085,0.000593042347587923,0.0423361846383352,-9.12279819576579,0.0538225676453549,0.000000394891172108897,0.345400630119341,0.000622392207774911,0.0469242823137453,-8.661932109858,0.0471796973355606,0.000000441483102878279,0.350043833314347,0.000612416033742526,0.0412040448965255,-8.59586524817491,0.0450188884109082,0.000000266660272365914,0.341280712699393,0.000569833327401392,0.0446647025993049
"24",-8.50049155410902,0.0468097161555222,0.000000524583712940344,0.337707902268007,0.000561521766385146,0.0413013023002985,-9.01904395001444,0.0555971827786447,0.000000502328826779596,0.332576322145668,0.000558149467044321,0.0464828525074123,-8.48003030148382,0.0486279537892079,0.000000620474257239235,0.3316860310108,0.000538288560106939,0.0403127865822093,-8.57686632525563,0.0465541534719072,0.000000839468178171516,0.336338133096434,0.000500024311099094,0.0425388492898082
"25",-8.73970499353656,0.0496883849117291,0.000000877381120028821,0.341591491667157,0.000518736999790101,0.0416619649672497,-9.3643687293178,0.0562495679888302,0.00000104926995174404,0.347664428265018,0.000461082508225913,0.0477575097878138,-8.93315044398653,0.0500456715996243,0.00000109082749687916,0.352151683851139,0.000452763895800316,0.0423746126933595,-8.68172066944564,0.0513925847616517,0.000000698715447059922,0.329339186442478,0.000561399452540076,0.0423817697875195
"26",-8.5229953987995,0.0480768621828702,0.000000531830939886595,0.335823542503924,0.000556215571404643,0.0409921591990184,-8.94822643807171,0.0557741023698969,0.000000863100936204857,0.335396728772343,0.000592080241866925,0.0421329547322303,-8.48753769635094,0.0495541135157015,0.000000949553599534271,0.337179543663638,0.000596443269654075,0.0365026202744224,-8.25672415954045,0.0481255423110717,0.000000616312927399404,0.320197669163298,0.000486216875927305,0.0385517759325291
"27",-8.5679138596696,0.0470092907297272,0.000000605405785567977,0.342540499524389,0.00054379142516482,0.0409798882663887,-8.96237904984986,0.050934946719813,0.000000434499315832302,0.342372092567644,0.000537300053146338,0.0470706091091947,-8.5754536176181,0.0458645790617936,0.00000050731237315066,0.348698305732416,0.000538403396365145,0.0409781956743606,-8.56159809818094,0.0464631790967963,0.000000244687569069033,0.343910308976993,0.000572395909744611,0.0425385754630061
"28",-8.42198230766258,0.0474137977367503,0.000000635237128225474,0.334389620788083,0.000609147118934598,0.0389667777609602,-8.8420217429786,0.0532081184391373,0.000000629220232974541,0.331395529292848,0.000624903317992297,0.0439018631639793,-8.39960315872924,0.0470059545056922,0.000000691465424155203,0.333849987714928,0.000608830150291855,0.0386736917438899,-8.37814784432008,0.0459418722858021,0.000000733222445270883,0.328352691410435,0.000625691672088054,0.0406582795276634
"29",-8.49933470159733,0.0468408023900492,0.000000681627134568627,0.336278972816599,0.000635141536637922,0.0405390851006827,-8.93210887908762,0.0537861123604533,0.00000055566965545891,0.33470140293253,0.000603159852300263,0.0450042043375389,-8.44520334392695,0.0476100371960687,0.000000587837840634611,0.333597111667561,0.000605249833294611,0.0396980546661684,-8.683875197028,0.0476969648756406,0.000000611893828738289,0.34324372697392,0.000639974001736354,0.0426099935793025
"30",-8.55787499543963,0.0467986481884172,0.000000534948877257826,0.339743457488126,0.000570889396375318,0.0419173472908833,-8.99349235307072,0.0543617849129248,0.000000358550159541203,0.338731583226818,0.000569343232752477,0.0457962509675,-8.46593375256481,0.0480742531653533,0.000000348116998958268,0.337047004039663,0.000547386007515213,0.0400130817116414,-8.52480164630542,0.0463514734471073,0.000000372300984416443,0.339996504807151,0.000521778339107795,0.0424930242231531
"31",-8.64147891841321,0.0480136551496498,0.000000661410176203651,0.340439836460451,0.0005751197547992,0.0421516630918258,-9.06401070234976,0.0525275724413036,0.000000696260565290521,0.337498692080185,0.00055879159494009,0.0482416116594925,-8.59109766365512,0.0459440104098499,0.000000759280480609378,0.340478864358472,0.000550717508008254,0.042482797590911,-8.49876384259587,0.0475354567831712,0.000000218526485469784,0.344596528391503,0.000533833293132607,0.0405049825619882
"32",-8.53241519885055,0.0477513927273475,0.000000590076956561902,0.331422825616429,0.000605142408331976,0.0419643599413565,-8.90924859752246,0.052792107371538,0.00000041970395873265,0.327817656213026,0.000606291295172282,0.0476081629560241,-8.42021505964797,0.0466097967304108,0.000000512422256757282,0.327189417155121,0.000597824429820281,0.0419029278379107,-8.74964456883071,0.0520111877424961,0.000000735050636205701,0.327770942274246,0.000663725910272778,0.0431131024624346
"33",-8.65530839078783,0.0477379677971437,0.000000517992199057337,0.344248863661656,0.000566985369277894,0.0422408731032726,-9.14589082542273,0.0536349589804059,0.000000510802450966162,0.357860207748975,0.000654105358486836,0.0446739180087139,-8.61077387891548,0.0468142489676463,0.000000473843414640347,0.357027445908924,0.00066313186889197,0.0391102831851792,-8.73779645272768,0.0478757864163616,0.000000283133880845111,0.350166413345156,0.000685050668037367,0.0432843965283929
"34",-8.47194591237339,0.0463049466359841,0.000000682123611983652,0.338816409796026,0.000582902437200506,0.0400144896411586,-8.80417817021056,0.0519789051849804,0.000000666662438483352,0.336376308001378,0.000650165822767171,0.0428133207550456,-8.2876425950925,0.045241638954783,0.000000671134660187672,0.33887123625347,0.000643121987722105,0.0365748152919117,-8.45554532293476,0.0458681841688101,0.000000384032427171878,0.337732253490932,0.000498984162907795,0.041385234085287
"35",-8.48483068487345,0.0457435546826243,0.000000601391213965354,0.331953772124657,0.000588157329714184,0.0427565735242291,-8.94201167586333,0.0508461649319741,0.000000789742320105564,0.328393758689622,0.000549152412748769,0.0486437912921485,-8.36927689906056,0.0444460192145297,0.000000732444614235956,0.32529868272776,0.000536145135061029,0.0425030534439135,-8.26786440063412,0.0443433890809348,0.000000500822775596772,0.327048858238049,0.0004966071020331,0.0414662464067604
"36",-8.57731047897948,0.047166780700031,0.000000650123418310231,0.330691874602018,0.000508272980398649,0.0440460854647478,-9.20698004056223,0.0556520651734786,0.000000893024590848722,0.332622670243186,0.000525907001323677,0.0491414731310528,-8.79373975729283,0.0492599512436592,0.00000100213014706362,0.339374863650712,0.000501327149794337,0.0434899423563615,-8.64495249975166,0.0460503501930582,0.000000699523074074213,0.3298816738244,0.00056902134198533,0.0465262559402023
"37",-8.46685961971343,0.0460805552272136,0.000000543653948922144,0.331642462012973,0.000611073177226942,0.0422919759178546,-8.91190058316658,0.0520547071409175,0.000000580623477547887,0.330741510848747,0.0006289161493053,0.0470413669950341,-8.3845138128356,0.045932557668368,0.00000065019668501026,0.329166435180581,0.000621035146089136,0.0407206423051849,-8.44108608636915,0.0483288551283935,0.000000378322418615267,0.326201755872126,0.00063508559261656,0.0416497303903001
"38",-8.47465989518162,0.0454321337782345,0.000000542285191793799,0.340742306680316,0.000573362265375991,0.040863377897595,-8.97430083947132,0.0519875087074784,0.000000535540521551757,0.33802371834395,0.000533580788997226,0.0468168612723182,-8.46806260362228,0.0451416923682045,0.000000534957178551518,0.337340546276951,0.000537447614123686,0.0417734528021319,-8.54164570277662,0.0465835653827404,0.000000382561316459074,0.335842060459799,0.000525967402331742,0.0434824672758894
"39",-8.72069213272142,0.0486863588300647,0.0000004474573263278,0.343977376292381,0.00058835124859704,0.0429075219941002,-9.16581957758487,0.0552117881725941,0.000000258630768855482,0.343647071255706,0.000575520160106542,0.0479990927241186,-8.74956228195532,0.0494841370601464,0.000000283513749932869,0.346587478216265,0.000562260288286812,0.0429690664983384,-8.78929247698999,0.048597780549404,0.000000632112822043259,0.337590186767075,0.000584742384596252,0.0452392875392887
"40",-8.57581358482948,0.0470047609884853,0.000000554517804658566,0.34191121736241,0.000591874182356677,0.0415112171922573,-9.0792692931633,0.0551405231717934,0.000000479980932944609,0.339177896888083,0.000648403843126794,0.046423816765275,-8.62619980461177,0.0492599904525985,0.000000506790479435167,0.341713745963737,0.000634189740923038,0.040751557413283,-8.47408121164779,0.0444504284794617,0.000000569493770202154,0.339152718736273,0.00062378991898142,0.042041707461924
"41",-8.56787138010468,0.046956740579846,0.000000698012096814149,0.348055965752431,0.000564028112744137,0.0391891079333332,-9.00644665829843,0.0530088104816101,0.000000582892387498879,0.339371355672207,0.000598621073533798,0.0461261338292263,-8.55602531691363,0.0470429462787428,0.000000641298042079459,0.339109031055876,0.000568509566922738,0.0411740791394588,-8.40809124809251,0.0453641875554927,0.000000673128375982007,0.345994551656121,0.000583190629874667,0.0378051801894153
"42",-8.60735906424171,0.0471397767301299,0.0000008142760936483,0.339748740933956,0.000601124477640459,0.0414570596549538,-9.11131823486508,0.0535183978276212,0.000000885093254021259,0.335954399488771,0.000653286206281247,0.0477004645993712,-8.58952446673241,0.0469789994959854,0.000000878551163357635,0.334708990310418,0.000649377101076087,0.0421616124183355,-8.57928942508189,0.0452968304637593,0.000000758841994891042,0.348677636979657,0.000586550114595017,0.0411469717810926
"43",-8.81892503474502,0.0497555498784828,0.000000486394234144737,0.355043738240252,0.000538512079509131,0.0415130384338155,-9.34277060478844,0.0553108338176479,0.000000378195319464,0.360484288455161,0.000531808395343645,0.0476811292988348,-8.90959011706943,0.0499725544336862,0.000000410270648979276,0.36238552019926,0.000528690106517829,0.0420494888396837,-9.01051802631284,0.0527576083594709,0.00000056739807667752,0.358655523644843,0.000526008018709782,0.0416252089972983
"44",-8.52263915993734,0.0466756136612678,0.000000548513872936844,0.347921316724642,0.000586024470694412,0.0386481894420789,-8.91808797922828,0.0513289584970528,0.000000503443738769503,0.344800420567537,0.000578322148794918,0.0443374128165759,-8.43394960164363,0.0453383652638498,0.000000533005786426755,0.345651230008632,0.000571880593924753,0.0384711698211373,-8.53193919218687,0.0486649788693412,0.000000454630047280824,0.344695587759208,0.000572591936498185,0.0386447700777327
"45",-8.57665173937824,0.046947831590876,0.000000534819580568543,0.343536933595889,0.00059633007828754,0.0412865819211447,-8.95616611197702,0.0509408928716813,0.000000360592087117223,0.344499451630605,0.000572775520991454,0.0467339704657465,-8.47690276144738,0.044686812835568,0.000000456950668007027,0.347946655211418,0.000568311567475898,0.0402560562349405,-8.68159304945671,0.0493400343685793,0.000000794781244610295,0.339985712382015,0.000531091669438372,0.0413871956384077
"46",-8.42419313276223,0.0457856704891165,0.000000443002342282221,0.331213837637891,0.000608246934646522,0.0423455347671389,-8.71799896101819,0.0494108544320252,0.000000336224601936912,0.326112811763321,0.000669233024512675,0.0471883550005586,-8.24706308969622,0.0434168233268115,0.000000400251239669949,0.32903619149328,0.000666511197954107,0.0409389104782285,-8.38105288229577,0.046766885892316,0.00000037965553450798,0.328959092717239,0.000634219355402828,0.0410994319509561
"47",-8.63525075817201,0.0476619559772325,0.000000609419263970743,0.347488238786018,0.000540512808624563,0.0406902031511983,-9.36087603815993,0.0540999640440564,0.000000788296374656167,0.357391935384741,0.000593595310775427,0.0483272422170779,-8.85746123502281,0.0483306430816427,0.000000770678413937923,0.35409099158594,0.000592886836521284,0.0430276668561307,-8.86626375741395,0.0511719074128884,0.000000352954878133125,0.358111010992888,0.00050250427952745,0.0415136775748547
"48",-8.50585235106367,0.0470049721007409,0.000000764703655513826,0.333566407077873,0.000595194887031526,0.0409410475822301,-9.06382104084529,0.0545774934809601,0.000000748828667982185,0.335498067194445,0.000577878472459197,0.0464260063710585,-8.6839321066744,0.0493635591463587,0.000000818692720814815,0.337006720642402,0.00059029554137659,0.0418509512666865,-8.41199247556683,0.0458141738423061,0.000000662876397524976,0.334452779902159,0.000608328166575913,0.0403292895741847
"49",-8.53528602050145,0.0467870722246052,0.000000658896406497357,0.335772692378888,0.000555159372997459,0.042132144662605,-8.83303080535594,0.0529131052165016,0.000000602638307215063,0.327449626162409,0.000581533395841465,0.0453742268176965,-8.35562400985393,0.0465163480139602,0.000000640797004294223,0.3276630538923,0.000585100503061796,0.0400920958540831,-8.72453214548632,0.0503000413108967,0.000000688057771532842,0.34046917577516,0.000559249504776194,0.0422022786860968
"50",-8.49618314435528,0.0474129192971463,0.000000741525759240361,0.331385610520841,0.000568603574327344,0.0410998745530008,-8.79967867229366,0.0510554918765909,0.000000604051964175542,0.327143880081635,0.000508357942553938,0.04626312985939,-8.32173290659925,0.045600506147142,0.000000675334653027327,0.32586263633838,0.000505353296638392,0.0403593833466158,-8.27314429339009,0.0447941074122339,0.000000575228369327613,0.327539989016977,0.000609488811473652,0.0405937180147203
"51",-8.56574481313883,0.0475942261545575,0.000000774143954676068,0.334387903840646,0.000519790420969455,0.0418014445887269,-9.01035959536853,0.0522672760696081,0.000000685625332849375,0.327548911302341,0.000526935778963079,0.0495940897871097,-8.54750851873924,0.046026930324612,0.000000664029782772468,0.330553561336284,0.000538120286606264,0.0440927544443159,-8.68224256535739,0.0488338463877414,0.000000497259115667278,0.342723712131334,0.000542408888386829,0.0422902699923565
"52",-8.68895507801635,0.0481478620874797,0.000000547147692447844,0.343166879147614,0.000575022435643818,0.0427549041871733,-9.11060077108145,0.0539529886933779,0.000000436841453148712,0.347033050568606,0.000587485083322619,0.0464432605740551,-8.63075901792659,0.0481438809634853,0.000000547966681069403,0.346573503628907,0.000585824906616084,0.0404481171707108,-8.7656689687256,0.0483711153982115,0.000000584746148285537,0.346188658392989,0.000586242504544999,0.0434844571187434
"53",-8.5515231997068,0.0470799432310989,0.000000541410190898595,0.337557386965639,0.000579051520811232,0.0421026978880284,-9.28727861746648,0.0549163494412105,0.000000625648174042884,0.340320795466536,0.000600928136838707,0.0509184500398622,-8.79584674277561,0.0491076530491361,0.000000591902380904448,0.341666486632428,0.00058890094500955,0.0448069443053429,-8.48722040680028,0.0484292310496741,0.000000439846579640753,0.334161620954606,0.000545136433107029,0.0413720038641525
"54",-8.50841290442383,0.0469442829725242,0.000000590247191367133,0.342888802394595,0.000591054652956956,0.0394768264840105,-8.85811209221112,0.0538244783843729,0.000000440184743596019,0.328367166804071,0.000625873889847215,0.0451202013032456,-8.31790672686489,0.0473306457636205,0.00000052239600540734,0.326968184458702,0.000629556237412899,0.0387237301709844,-8.47212278284215,0.0478496098664846,0.000000400418855882243,0.332759328161419,0.000642405074603099,0.0410229631975069
"55",-8.60528555949421,0.0482748594216443,0.000000707444233205796,0.337213706775514,0.000605775007485709,0.0411811359934469,-9.0871909715625,0.0541596997873469,0.000000349960666106607,0.336672234062314,0.000628438583015182,0.0484283785906693,-8.6597277877406,0.0487389046531475,0.000000420383801712623,0.335763231428127,0.000629613501739136,0.0435547854907494,-8.45805583952878,0.0463953374695384,0.000000729258142118601,0.325506654061607,0.000701639974816284,0.0425286799400372
"56",-8.42345814695151,0.0472909329630502,0.0000004721226488747,0.333926471616792,0.000573829697892466,0.0403150853043367,-8.89658367538051,0.0545881339645494,0.000000434852456929711,0.330419837861924,0.000601324288817257,0.0453089954257257,-8.41968132812166,0.0485519249920507,0.000000477886648007325,0.331885512518949,0.000592860721275325,0.0393876257652185,-8.39337962241758,0.0462993080505268,0.000000403785539009329,0.329530373755128,0.000563895608372485,0.0423947694347897
"57",-8.58286178696512,0.0467804352818208,0.000000862068139507736,0.339796437562412,0.000584286782578201,0.0410549192973847,-9.05706527828799,0.0528046167222357,0.00000082222728820763,0.333665634745008,0.000550225520024455,0.0479915209910121,-8.58192149330355,0.046809390336789,0.000000819646409529238,0.336546155586878,0.000534691388826146,0.0419766110381057,-8.42866156833271,0.0453272509411147,0.00000102288577500246,0.330979861214786,0.000599260650276558,0.0407309715320006
"58",-8.54375827257785,0.0468945573945326,0.000000658972584650108,0.343407526126996,0.000548210704219319,0.040149037623683,-9.03656550355198,0.0520162177401583,0.000000571836646164325,0.343037973437885,0.000551522241902847,0.0472532077603676,-8.55913945518333,0.0458174559811679,0.000000617497979449041,0.344608338801905,0.000557895662255891,0.0414159493711408,-8.70963615455319,0.0479441827048718,0.000000701366236566526,0.357876885346538,0.000542948007621335,0.0398192360813793
"59",-8.5241207455198,0.0484340498417717,0.000000651723334813852,0.337065427802729,0.000540853625739741,0.0397988752234689,-9.03530273190601,0.0578205807263417,0.000000375680177609635,0.337816574272618,0.000647912904906369,0.0438176398890643,-8.53079329692889,0.0520199483254293,0.000000364990353997126,0.338538799196677,0.000647474325780849,0.0374842817132069,-8.49011320850659,0.0480974545855142,0.000000407789975090452,0.334445972001764,0.000507662501476846,0.0411481836670496
"60",-8.66539635610896,0.0485776624393178,0.000000547184239036577,0.34805515384705,0.000568199512225508,0.0406143701833828,-9.20979697300388,0.0546227578790448,0.000000334687989520012,0.341339406067478,0.00058302694600594,0.0501434636886798,-8.7347902132495,0.0487841774105913,0.000000414457356906163,0.341700159766485,0.000573279541204346,0.0442422723964482,-8.52666518244958,0.0481639645418505,0.000000352205365612771,0.342025986351181,0.000533197810076308,0.040324696892609
"61",-8.71514482716311,0.0476544913951726,0.000000581116406909247,0.35138239650729,0.000601710905173688,0.0415529540617416,-9.25729154334852,0.0534652528015232,0.000000734169891320518,0.348284749076332,0.000669790239045563,0.0486704714385975,-8.73451794184568,0.0472541555078639,0.000000723149720341842,0.349370477485918,0.000682767240736216,0.0421287603991207,-8.67496120295874,0.0483693361253829,0.000000295561142216521,0.356037306119422,0.000624497720378308,0.040123797923333
"62",-8.55263509281387,0.047485220658655,0.00000078573455679637,0.33769403562667,0.000541460211265036,0.0406767407247065,-9.21500321054297,0.0544093121683234,0.000000893452607441033,0.34320918304473,0.00052736319909818,0.0480017085351877,-8.64658137615285,0.0480244073270076,0.000000947192229899313,0.339511653921182,0.000535988810918062,0.0415040208071481,-8.12283259636654,0.0449364941199951,0.000000605439466832905,0.324583176517502,0.000561507909096367,0.0375335357735795
"63",-8.42086008229087,0.0459022034579779,0.000000457870576576798,0.333921887042327,0.00050047569314874,0.0414832341031463,-8.90756629602203,0.0523839849219367,0.000000453968094364068,0.332410931256906,0.000504860652820831,0.0472839895327633,-8.30840267550953,0.0454495659086513,0.00000046092992624163,0.327647943932511,0.00047933761442354,0.0411613205099415,-8.49311440631308,0.046136589080183,0.000000360779497654306,0.339004845646909,0.000463478224237808,0.0422959630257278
"64",-8.5600523916088,0.0471209964292803,0.000000589962340389,0.341400818321606,0.000557763740732536,0.0411853569841071,-8.7780827943094,0.0507218485503791,0.000000599362229879222,0.338992287589873,0.000533550998385943,0.0431216942413227,-8.27104779934513,0.0445562338517531,0.000000592033431528493,0.339351799297126,0.00053095286002959,0.0371660903517859,-8.43864524529683,0.0466036955613055,0.000000513807104637057,0.338991924179343,0.00051529128016637,0.0400675576905565
"65",-8.73314080056398,0.0488070984463944,0.000000778965097787386,0.344278341136387,0.000605461760158915,0.0416826328751674,-9.20615814795534,0.0552146183615167,0.00000084813239440352,0.34232320657451,0.000545021167343687,0.046777104323145,-8.69046144658764,0.0488597039712697,0.000000922770982863394,0.343494462397285,0.000529363700076918,0.0402858863121419,-8.75883874258402,0.0485191221998726,0.000000549194896072167,0.352146655551513,0.000693516818193456,0.0417439525155801
"66",-8.60886584645338,0.0472196666680958,0.000000665390706367499,0.338635745385684,0.000543701624951147,0.0424860093376527,-9.11135085896654,0.0539762501093583,0.000000613467211625874,0.330638676513179,0.000530816418332228,0.0498209189494623,-8.62476022552678,0.0477478693764407,0.000000658854091786858,0.331849530313423,0.000514786643343348,0.0439919157328431,-8.76173892022681,0.0485690898343247,0.00000079133112205045,0.34756693529401,0.000537390773186236,0.0424574359135978
"67",-8.41616091488445,0.0457991277110628,0.000000616906767148578,0.346219727709035,0.000550657939878252,0.0376424487815742,-8.87970705083953,0.0522995419997891,0.000000710635456360465,0.334965106184685,0.000561903459077049,0.0444916110973277,-8.4343849317798,0.0467765619613687,0.000000822249778431784,0.334406302148117,0.000559861532600885,0.0390422582056701,-8.20445846312529,0.043579316707921,0.000000715447783721355,0.336230930112398,0.000519314697693544,0.0373383648801251
"68",-8.59102235266371,0.0480821957602973,0.00000056792078712599,0.34135972359524,0.000529444270807046,0.0407165369989632,-9.00974248127771,0.0539779851523655,0.000000545010183979604,0.33452366645625,0.000503484566134786,0.0466517052740432,-8.46512981263454,0.046988364185165,0.000000629694745875251,0.333518971295688,0.000485766237751676,0.0405911964307157,-8.40819170370411,0.0456081650452156,0.000000407473320121471,0.335676539570933,0.000548998052697237,0.0411338306723789
"69",-8.58810374403251,0.0467509460648961,0.000000677136569322619,0.341880920718467,0.000600080795306471,0.0415612478475897,-9.0622346721978,0.0535591070709516,0.000000712033264502191,0.330483786956373,0.000494831013399049,0.0488324963281153,-8.56381972272821,0.0475419890338214,0.000000756174204139333,0.328624140791349,0.000475773926215965,0.0432699705763998,-8.86683590080606,0.0471274825927163,0.00000089248270536686,0.354786283487504,0.000591547626652714,0.0434819086034655
"70",-8.57329688199926,0.0466777222634028,0.000000586286519215751,0.341341155401521,0.000557808436378359,0.0418883092263433,-9.34474071827316,0.0543101311884039,0.000000565281003883703,0.344156442219974,0.000592932870319599,0.0523405218040623,-8.91477997922857,0.0483310811846533,0.000000565939815051583,0.349212299578139,0.000574046313096098,0.0467628148763052,-8.60543357325128,0.0452461753346381,0.000000430431023772725,0.340380830699199,0.000574798433561117,0.0452505894032552
"71",-8.59578535287548,0.0477844777800837,0.00000057208635654814,0.339640507899575,0.000517939578309614,0.0418776483722824,-9.17269918222324,0.0555686237076562,0.000000710112774649037,0.344590916967657,0.00055571441856364,0.0462220365018826,-8.7067575002331,0.0497018974357039,0.000000835113012234299,0.344012799101767,0.000561478379741135,0.0405372586350619,-8.48099193880088,0.0490918950287137,0.000000676758955050903,0.324799164980737,0.000488545547512579,0.0412644424036853
"72",-8.54522482471508,0.0479886056838466,0.000000567540956824068,0.34112246552582,0.000584529393423219,0.0398731314123865,-8.93352767808802,0.0530884674905142,0.000000496653931125434,0.34319257879329,0.000607359703398291,0.043490688973884,-8.49730411502711,0.04684711599612,0.00000056570900781212,0.346156006221976,0.000607167308458495,0.0382389240805655,-8.4018578822806,0.0468038540065603,0.00000057279726483304,0.334925808117579,0.000604451637294038,0.0391214565439694
"73",-8.44760833300588,0.0444057694439608,0.000000796281078989547,0.33556082740595,0.000591951910237307,0.0415046823981126,-8.84519256661833,0.0494727992432905,0.000000583961248918294,0.334847391684588,0.000680967799610136,0.0468980735645986,-8.31390767026326,0.0436916112361697,0.000000617079129745537,0.330101849763701,0.000682145654474886,0.0410646345867337,-8.31029598746609,0.043416581282266,0.00000109810497408351,0.329520587626661,0.000558779071422089,0.0397820838174401
"74",-8.3786052389186,0.0449661569186489,0.000000451052581922704,0.336268691923483,0.000558795772643572,0.0407113671250749,-8.74252171835366,0.0511111629425905,0.000000270055716931551,0.33787642424095,0.000636101551052329,0.0436529295799649,-8.25360107240411,0.0452050673924927,0.000000272671061620965,0.338464480288283,0.000617683955780123,0.0378055239448132,-8.5040039389238,0.0446564627158396,0.000000713092535987925,0.338376011681481,0.000532474920575883,0.0418754598084351
"75",-8.56720431037063,0.0469054576396455,0.000000757160692266873,0.344421903927071,0.00052127914454825,0.0398325819243569,-9.01436385108001,0.0528049750075017,0.00000080991139000464,0.347068027844181,0.000475826942185929,0.04380435982618,-8.52755200952213,0.0471893951263952,0.000000881527283050055,0.346502488660617,0.000480051444966786,0.0376562794484762,-8.6486153996454,0.0476148090341604,0.000000659267386622864,0.355283527301751,0.000564624775939649,0.039465881942185
"76",-8.65456724073919,0.0474179704810326,0.000000580534754857304,0.346160000200609,0.000592030622335925,0.0416559461567367,-9.14013766376832,0.053220295918482,0.000000299845939957482,0.341510073039695,0.000593404081980534,0.0499401421993985,-8.7403897236482,0.0476383055467142,0.000000407111138438504,0.344846851295836,0.00060326267297291,0.0445877854724956,-8.78511801114693,0.0476016661288085,0.000000906051667389067,0.349971771990144,0.000629740060390687,0.0417919743137492
"77",-8.60945264531107,0.0465476022386236,0.000000619506154466142,0.342010779005252,0.000578974617280955,0.0422867736532664,-9.08854866566695,0.0531672577842211,0.000000386706618857054,0.343314090046067,0.00055718699348831,0.0477267198503032,-8.65598124453967,0.0473775852306866,0.00000040279843251443,0.346280824869373,0.00056187179664365,0.0423243701181171,-8.56174993724735,0.0452169125328035,0.000000643053930123637,0.345040367837312,0.00063910830808151,0.0419822953239824
"78",-8.50692744874218,0.0467603711392271,0.00000039567571951334,0.337214600255809,0.000576176905282437,0.0420357488533302,-9.05239531702409,0.0529857419926741,0.000000269173035776259,0.345006618478248,0.000569110511274146,0.0475049794232693,-8.60960269993218,0.0475643052763596,0.000000328536595007549,0.348181595055572,0.000558679095453069,0.0413441196377819,-8.4585349993242,0.0470932383470508,0.000000280971374296062,0.336368988327219,0.000579127973158734,0.0415012593367465
"79",-8.51721032582458,0.0471308436146284,0.000000476218604063037,0.33767600593111,0.000549525006352568,0.0413687294708252,-9.26068474814665,0.0559568953319429,0.000000388230237593348,0.336587803907535,0.000598290036291315,0.0510877229230235,-8.74470149067448,0.0496296403236442,0.000000370671125939375,0.338926874220098,0.000585828857073384,0.0446431073019069,-8.56715268412981,0.0491306242514444,0.000000391045433236506,0.33888534474897,0.000581244463326927,0.040854820211906
"80",-8.48870851983938,0.0462740702394701,0.000000612069380013909,0.344774438158638,0.000617203902009563,0.0391726716277274,-8.99380394592239,0.0513287391417732,0.000000698455131578872,0.339541983639477,0.000673420550950999,0.0469053361634049,-8.52133024973313,0.0458064243140274,0.000000710984129319729,0.34150336055835,0.000678593109054017,0.0406030004986806,-8.30525589240257,0.046284132888916,0.000000530011181106571,0.338723042879125,0.000629376243032787,0.0375883173889419
"81",-8.4905084252568,0.0461136656624902,0.000000733217894100201,0.337757917564612,0.000598509586852487,0.040635464158294,-8.98619877198524,0.0495874191324612,0.000000848673180848078,0.356026837335321,0.000541474767740431,0.0440425210744564,-8.55602031401224,0.0435040771786321,0.000000908682399373327,0.361644245664508,0.000535684718829143,0.0381967562758091,-8.55671775938362,0.0460914196087102,0.000000599544021397721,0.347676683202575,0.000576262251517618,0.0408612367233435
"82",-8.40538485694388,0.0466834763242439,0.00000050316229979728,0.334416249073823,0.000539773642487616,0.0402018312452201,-8.80914950514901,0.05291924161396,0.000000438049752396379,0.327017115052528,0.000611434562111049,0.0456234941914082,-8.31782527720097,0.0472076667048283,0.000000430818347537146,0.32780076554392,0.000614352077630302,0.0394372437004388,-8.64542675725482,0.0484174444026287,0.000000661915682794811,0.339352024202612,0.000537711648187365,0.0421917016499904
"83",-8.76942034194728,0.0492916213368661,0.000000759085056729377,0.351327209973422,0.000534379164317801,0.0404296608725456,-9.0779234342764,0.0537223852417535,0.000000724908707052696,0.349102151132103,0.000543527609745039,0.0438869541255875,-8.5985291444639,0.0476530948580855,0.000000827680104372353,0.349317098969972,0.000538098035373918,0.0380429541811143,-8.76322614083332,0.0493423560089595,0.000000774532294429237,0.348773292524517,0.000571657713898901,0.0409200083968755
"84",-8.44601470393624,0.0463187685316047,0.000000462023950561773,0.336360140069398,0.000587189927371368,0.0410601062302292,-9.04725146249778,0.0538198913749472,0.000000221306698411816,0.344620504912205,0.000607887036013687,0.0469760954759965,-8.62461465300774,0.0480817246182753,0.000000215577260320531,0.349173196699142,0.000600282846765161,0.0414932524228737,-8.39202806217063,0.0443979360430029,0.000000724737102102658,0.330334506686983,0.000596226381933614,0.0418942047901297
"85",-8.52471941975184,0.0472481755334778,0.000000788751780931759,0.34262463597451,0.000562739593708924,0.038962411436784,-8.94124793734294,0.0524972072849968,0.000000695530102017893,0.34212633430559,0.00048271958648996,0.0443564365154147,-8.45524156356879,0.0464309550050711,0.00000080508969643498,0.340079731593651,0.000479254978607145,0.0388413658444316,-8.35669461661173,0.0456680142881483,0.000000660052199194209,0.335093866304141,0.000542285003923129,0.0388886358858402
"86",-8.40002797729961,0.0464770267578403,0.000000469425048010825,0.328291196184263,0.000600674774234128,0.0415930965163573,-8.83923365894037,0.0538211112989379,0.000000259632924389247,0.326198824689895,0.000571696410453494,0.0465344055726689,-8.3676619697503,0.047670372651092,0.000000302684059129731,0.326178183440478,0.000570876366676413,0.0411788245134231,-8.31464855109381,0.0455177336906734,0.000000337022939282887,0.329538913133592,0.000626046991642607,0.0409916222311522
"87",-8.48728149244111,0.0453591851491316,0.000000640907404429454,0.342909146118633,0.000549894899162483,0.0405540461515752,-8.85552154657093,0.0509319392041522,0.000000355218712646741,0.343912666122724,0.000533894704662783,0.0449909868079227,-8.30033453026731,0.0438199498191899,0.000000378623307146959,0.343673748970907,0.000518400547765696,0.0388344195183985,-8.50203660430273,0.0442424675593009,0.000000735359786064471,0.343548035152538,0.000521424865170695,0.041801473520567
"88",-8.58185237483117,0.0464090355650314,0.000000596320231874465,0.33807706212885,0.000608535662620905,0.0430024509056884,-8.92555442431614,0.0512038181028144,0.000000578609759175044,0.333367212758913,0.0006326298973563,0.0474039561523905,-8.4310079296255,0.0446831734050335,0.000000650985594063481,0.334131787921472,0.000631401093890327,0.0416101465748234,-8.58324485775342,0.0465735585842405,0.000000779146013061588,0.336615059557693,0.000616249674165068,0.0425897649653646
"89",-8.65933995069715,0.0472239979849751,0.000000633947633063827,0.348750741389277,0.000552860825129133,0.0411207377654345,-9.03121137573528,0.0529770325113223,0.000000606463326637536,0.343741288690814,0.000521554188372925,0.0455291976445715,-8.56860650528695,0.047159629664359,0.000000676566467114411,0.343875556001756,0.000511923850601874,0.0399947017892165,-8.69441128397549,0.0469984386826929,0.000000568029798359575,0.351633613869993,0.000557069566303687,0.0418804467727168
"90",-8.48041017959085,0.0450753217174601,0.000000706231224145053,0.338759280768636,0.000536698699887163,0.0413843849167068,-9.09340272334032,0.0516633707065333,0.000000614651738485191,0.343478568081127,0.000488143593926726,0.0489182032517625,-8.66451950562811,0.0463548025353098,0.00000069366680822914,0.344903286880285,0.000468234074501259,0.043372895284268,-8.361458940168,0.0448404040687218,0.000000384023327095764,0.332749989421976,0.000627210131854803,0.0414598998339699
"91",-8.59143694150454,0.0464275985999234,0.000000576339183153942,0.344431451790883,0.000522680145524113,0.0417195978388535,-9.04748649426246,0.0526141487437841,0.000000529127746648723,0.340537599383013,0.000525314287399655,0.0474468036674786,-8.61131550214634,0.0469527743778985,0.00000058233043746637,0.343944323100333,0.000517099462516348,0.0415972501928583,-8.54791041851855,0.0445916249427839,0.000000398107933502203,0.349196713991713,0.000528944493036692,0.0421543038781337
"92",-8.58248223484921,0.0479119860933077,0.000000741774788149209,0.338764011711408,0.000579006314421733,0.0407693742652034,-9.14819995448442,0.0537326480709618,0.000000681393132405894,0.353886964781741,0.000542301549449943,0.0450536409255762,-8.78834601255305,0.0486378264182749,0.000000755962218115026,0.360105497577436,0.000532800807303526,0.0396988955300288,-8.60938616618143,0.0491311806459334,0.000000886596782239421,0.333534552942804,0.000546131550757423,0.0415913151168734
"93",-8.47105198219937,0.0476133000918543,0.000000552373296411674,0.334968315307157,0.000527931993846106,0.0401601090407707,-9.03588040812709,0.0521442934567949,0.000000667066780102679,0.333469744395622,0.000527790461019862,0.0486911451377342,-8.67021142657518,0.0463860706625794,0.000000743478711745393,0.339585839092888,0.000533037967934377,0.0438044390971198,-8.40235769302565,0.0447207698078042,0.000000609744425076029,0.338314972441174,0.000575145022422443,0.0405030537368155
"94",-8.65141150705536,0.0464414907313968,0.000000534640858239632,0.347089343967975,0.000597776762308917,0.0422402436398445,-9.21098368521331,0.0525629769788249,0.000000583588036821797,0.349639323168949,0.000547717408093745,0.0487233832417755,-8.75065223522532,0.0468748179237735,0.000000673930227689118,0.350301126097312,0.000543528535880763,0.0428961911856565,-8.53459542815828,0.0464205310680359,0.000000144738595829531,0.343883415179061,0.000644202840290064,0.0418355816189287
"95",-8.55036214058539,0.0471299283022462,0.000000580390974240234,0.344151208189418,0.000538219614138334,0.0404416978378353,-9.14778413669301,0.0554014155960233,0.000000641514542916629,0.345510975616098,0.000534647847829328,0.0460192146218951,-8.6853656546877,0.049009638995637,0.000000746792171615763,0.348247232960735,0.000527801735263861,0.0402038271182767,-8.30079275406445,0.046916872242045,0.000000302549848214431,0.341355926527252,0.000587825526577932,0.0372068611019169
"96",-8.47173425240435,0.0463367880782484,0.000000503401873504691,0.339051542268017,0.00058756279120645,0.0406093154859877,-8.83863555334866,0.050276536114027,0.000000427334810741046,0.33860407720337,0.000666835050298469,0.0455243993558972,-8.38373462966969,0.0442316089115921,0.000000412661896143732,0.340892177586849,0.00063404863581017,0.0402806256040805,-8.15092533399468,0.042458580268295,0.0000000288176447176405,0.3385145637741,0.000639010988716842,0.0394984405022918
"97",-8.5403831459485,0.0469442779946933,0.000000410091934371757,0.341746822395252,0.000549703296841988,0.0415232728920275,-9.19699999816082,0.0536044066261996,0.000000506850525598862,0.3603808500668,0.000544125083365708,0.0458652734082062,-8.70009587128646,0.047248300402969,0.000000598085904953248,0.362648350651466,0.000546501277262995,0.0393830120141926,-8.54485593357298,0.0497038048671093,0.000000104593538643779,0.337176328276632,0.000483638882813445,0.0415920470682115
"98",-8.63226203614224,0.0470894520528587,0.000000568455901585758,0.345500407529067,0.000603963045162204,0.0415718654353438,-9.1726780861826,0.0530245570652575,0.000000554606114587918,0.349001588411598,0.000588612129029815,0.0479611702255195,-8.75964950868476,0.0472187497831004,0.000000660023649631809,0.353497055408824,0.000567381719818197,0.0423387523104537,-8.38873940910814,0.0453052306080788,0.000000418987992092061,0.3470405858438,0.000626935245280796,0.0380606787906468
"99",-8.30555872267969,0.0463639755392523,0.000000494673987729263,0.328014145579965,0.000536196276952763,0.0395934318969631,-8.63797365985016,0.051056189674941,0.000000405149039359738,0.317660637464802,0.000563776776798868,0.0453904291075797,-8.14509848581653,0.0452226643638061,0.000000420340116246348,0.317045657220753,0.000567688662970565,0.0395950581119082,-8.19724093525661,0.0472633051885635,0.000000385401464137499,0.322275819694759,0.000592015175036189,0.0379937714404746
"100",-8.48918712518187,0.0485601671577605,0.000000515872291156303,0.338578016220745,0.000582512032955567,0.0390107872262579,-8.996504659039,0.055730075531167,0.000000489906078569429,0.33209289653087,0.000555099231692729,0.0457706495284207,-8.44655656099791,0.0497725386328612,0.000000603611932933941,0.327997038851286,0.000535189556261853,0.0392152555281575,-8.65126292665556,0.0497858973685563,0.000000444941577288841,0.345269242806778,0.000612389067242039,0.0400142706513027
