"","intercept_logit","age_logit","fnlwgt_logit","education_num_logit","capital_loss_logit","hours_per_week_logit","intercept_cc","age_cc","fnlwgt_cc","education_num_cc","capital_loss_cc","hours_per_week_cc","intercept_wcc","age_wcc","fnlwgt_wcc","education_num_wcc","capital_loss_wcc","hours_per_week_wcc","intercept_lcc","age_lcc","fnlwgt_lcc","education_num_lcc","capital_loss_lcc","hours_per_week_lcc"
"1",-8.53096563080283,0.0466956738508694,0.000000627256011253981,0.340192655101555,0.00056851102377453,0.0408463147365445,-9.05114183707805,0.053513579689915,0.000000548272625283531,0.339942462669447,0.000529405486599552,0.0469418836197204,-8.5922991308586,0.0478417474619868,0.000000586484712413432,0.34139473865833,0.000527879513180726,0.04114056299225,-8.59931560472576,0.0468976456259321,0.000000776214290663558,0.341808313697079,0.000599052178416045,0.0406961189100921
"2",-8.52556393931689,0.0469440246508627,0.000000594585458886434,0.337689467109935,0.000564229209477788,0.0413351017116269,-8.94969604991245,0.0529836792651177,0.000000366780917144204,0.335946774647736,0.000566564221176112,0.0468367300681441,-8.51376166735675,0.0476239972700759,0.000000467453401988519,0.34105894635046,0.00058093735181494,0.0400246266275078,-8.58599177077587,0.0469399207654556,0.000000546603111639477,0.342186236641435,0.0005544966156831,0.0413984552779372
"3",-8.50425971012939,0.0467039308453518,0.000000585102441253148,0.33865472862084,0.000550979785291419,0.0408927376788373,-9.06234147457997,0.0531513550885726,0.000000533180875218888,0.34105532393622,0.000585729610911895,0.0475061091703473,-8.68981406016423,0.0481889369840893,0.000000506529089692202,0.346408038699269,0.000582883188209982,0.0424134736251693,-8.5368495875603,0.0486716788052208,0.000000414082834871527,0.338043951866049,0.000557933969303422,0.0402948018383754
"4",-8.5790611491808,0.0474697109464048,0.000000632374234449444,0.339964252775707,0.000563256174530377,0.0412722365805963,-8.9463085748615,0.0526667718386068,0.000000737148186535134,0.337116422777023,0.000534128425348154,0.0450510418100449,-8.51918666064554,0.0473603101558338,0.000000802965072270619,0.340262484011989,0.000532099624533361,0.0392510885413944,-8.76517223562891,0.0482593131471486,0.000000670539723749046,0.355967565868847,0.000598800305162851,0.04034641781863
"5",-8.53188933256158,0.0471511381513149,0.000000561411021327496,0.33912837803609,0.000556551337060103,0.0409970829452791,-8.96950160039563,0.0530541372185841,0.000000594366773085039,0.336986363673457,0.000598262675493305,0.0458528552859613,-8.48573158392254,0.0478294624349135,0.000000546656164195638,0.33956334530551,0.000549962606282854,0.0392461690513231,-8.56374976742409,0.0473134726342764,0.000000628058713190622,0.338021252577488,0.000552169020649759,0.0416048232415032
"6",-8.51658523433787,0.0468623520784295,0.000000586982993661477,0.339146597742834,0.000566214954578077,0.0408141084874274,-9.0960388976031,0.0532756056057281,0.000000570576732693864,0.334841895253724,0.000599522694026199,0.0494598845940509,-8.5680048776079,0.0473294249434357,0.000000618556449574339,0.334696188063909,0.000542151104677848,0.0427740493378751,-8.60645131141807,0.0480297601579473,0.000000626546320974009,0.338984067199949,0.000577150497320954,0.0411100714045399
"7",-8.56584424268181,0.0471563157910095,0.000000627203291025669,0.339826477597692,0.000556799817843101,0.0413732033036594,-9.03729396178897,0.0526759700309154,0.000000720583746528254,0.338603148866184,0.000579255185462983,0.046887720744914,-8.53450058952246,0.04633311454268,0.000000754421473124158,0.337283708816285,0.000584490716413845,0.0414250785353799,-8.63676431096003,0.0480924022640576,0.000000491673575052204,0.341606313116699,0.000571156533865842,0.0420254354534335
"8",-8.56909760174729,0.0472408538043538,0.000000640589971649393,0.339553980449848,0.000567156962759637,0.0413292138827151,-8.94208611375282,0.0525911999752499,0.000000618949692442227,0.343554110246261,0.000564989038984486,0.0439362191529365,-8.51589964089949,0.0465354564062556,0.00000070332451335221,0.346329708624778,0.000551731682784332,0.0387574661447299,-8.81592035005461,0.0506047213251456,0.000000746965694580083,0.348808571612926,0.000548023552009669,0.0406630095705128
"9",-8.53484143432357,0.0468467351512626,0.000000571127052491159,0.339977334799637,0.00057029048926693,0.0411025797984679,-8.92538472358702,0.0538769759960393,0.000000433707837111135,0.327428099205097,0.000601631508118532,0.047056868336626,-8.44501180883483,0.0474229441117328,0.000000530292580966338,0.329706989442575,0.000581927272458043,0.0410677507284424,-8.53632498659186,0.0485062026750206,0.000000587994963233851,0.331660475689139,0.000599950553511701,0.0413236667098953
"10",-8.5536282497256,0.0470971941479623,0.000000575360537554391,0.34011238742054,0.000555396925246262,0.0412640745467853,-8.98893059227009,0.0519834171343286,0.000000703265322362202,0.332378905347067,0.000576668252412426,0.0480313821181251,-8.4393962776729,0.0454003530491717,0.000000664107748097238,0.331737819653006,0.000572449276868024,0.0418258734313722,-8.50435344701284,0.0471379208046715,0.000000601931551075484,0.342115965679409,0.000545214612155651,0.0392428295952739
"11",-8.50907655192007,0.0469531970157778,0.000000556349451178518,0.337739476552962,0.000560421416282703,0.0410705203206037,-9.01364198439426,0.052847141732215,0.00000064121112875338,0.338537944064434,0.000527255104152843,0.0465662254580326,-8.45445299429751,0.0462099482146427,0.000000606449827266136,0.338403507075595,0.000544635714560601,0.0399507487224537,-8.69204475201908,0.0472506065687654,0.000000719255905062443,0.343737864392304,0.000546155486377839,0.0423130579635878
"12",-8.53506193037794,0.0470254469313924,0.000000627581128153017,0.338108336267852,0.000555803896985318,0.0412107094886976,-9.14828072771281,0.0538354403884144,0.000000463462459782474,0.345606115453079,0.000576089435237159,0.0480744378344794,-8.70190222462411,0.0484278771486142,0.000000618093993178579,0.34187252671931,0.000562884948565077,0.0430538228604492,-8.60259361833489,0.0471861741360095,0.000000683051816732525,0.345215770602603,0.000561217412942884,0.0403205865182042
"13",-8.55249227455891,0.047242546676062,0.000000611155752532654,0.340435101160571,0.000561605975613167,0.0408644812350746,-9.12579631046197,0.0548878331663716,0.000000624856758918639,0.342462040364884,0.000624442935661574,0.0464271349745177,-8.64870112517991,0.0488658590541013,0.000000589931134609322,0.34518005508936,0.000617803773236988,0.0406102327247116,-8.44355057346217,0.0464993388102267,0.000000663547060273036,0.335474557048693,0.000587052262185719,0.0395992861216165
"14",-8.54850003289869,0.0468537032404409,0.000000622528229617198,0.34004061272472,0.000562919500347316,0.0411640898655396,-9.15368985039122,0.0555827853809849,0.000000611503770225794,0.331494937993054,0.000583674405674228,0.0492660842471907,-8.71339641624865,0.0488416784364428,0.000000633393850946477,0.340910148817487,0.000601593328499223,0.0428415755651748,-8.52896437117439,0.046626596203543,0.000000635661980673362,0.336189086042823,0.00057466575459845,0.0415449654567618
"15",-8.52519860304007,0.0470622493040796,0.000000620562068012757,0.339501499213311,0.000566540327495264,0.0406073167102465,-8.83049751821181,0.0528429267096757,0.000000424488206429277,0.331995723672689,0.000526128195514086,0.0447947233061882,-8.44449247988095,0.0473379723004116,0.00000053140886918667,0.337541870935243,0.000551725085961816,0.0393749762863993,-8.62233651980448,0.0470543701015787,0.000000571923612903273,0.345617803087219,0.000541470156575812,0.0412385220605717
"16",-8.53400774321419,0.0466415236878912,0.000000578918834555299,0.340678388742615,0.00057310559519121,0.0410606837955426,-8.97935714573428,0.053836798484796,0.000000659796728527841,0.337636650006944,0.000582349694137737,0.0449497231041662,-8.43599589583647,0.0468411506203093,0.000000561083353339108,0.339796707153864,0.000572655100718775,0.0388817461396814,-8.65881488904362,0.0477496846277654,0.000000721959651000954,0.342788680920623,0.000554270100836462,0.0415975160754258
"17",-8.5591558450179,0.0469648128360513,0.000000652450184943657,0.340365280129333,0.000569856942364401,0.0410992374843643,-9.01510683767518,0.052611606435512,0.000000522606127151961,0.337767738322661,0.000558908376743487,0.0477781252074831,-8.48985527164571,0.0466386634123738,0.000000517183883922651,0.335936861005688,0.000518420196307083,0.0417638166999911,-8.72578197427763,0.0481478881123015,0.00000069631932538561,0.344879684098751,0.000605122491030301,0.0418466317596669
"18",-8.58654856492829,0.0475102107180277,0.000000590715793677082,0.339772536626082,0.000562296635583882,0.0416170501326219,-9.0620532400703,0.0539611914247172,0.000000464275407697195,0.337147757543199,0.000559837065771473,0.0476454675395651,-8.71326149607349,0.0480633801895238,0.00000056541451857525,0.345787698252088,0.00055463932167621,0.0427487945348533,-8.48212973851855,0.0472816214993402,0.000000518447531629298,0.3305666941738,0.000584785968437894,0.0420181162897711
"19",-8.54236756087211,0.0467382586203231,0.000000610914479184009,0.339322328958389,0.000558629340235782,0.0414092658195455,-8.80728002810864,0.0520497439133406,0.000000447092791690522,0.332082322339592,0.000580036069708303,0.0447270727132413,-8.37255951918681,0.0469043008575554,0.000000566309772946751,0.332632414320374,0.000574750616657551,0.0389671658845372,-8.56264987107192,0.0463619346927519,0.000000456731000735455,0.344322037573665,0.000545844721582363,0.0412867808224019
"20",-8.5502325642126,0.0468476047781905,0.000000618126232037424,0.339946232077885,0.000563664847427855,0.0412536813147799,-8.96989090374198,0.0534651876847093,0.00000056401159362829,0.332237533246283,0.000591190459545883,0.0467598134608874,-8.40867207875911,0.0466002690463265,0.000000513401486079879,0.333339144805482,0.000571082956893948,0.0401626944492378,-8.46728903687911,0.0462864555417449,0.000000523769370360666,0.335057833854718,0.000559863360272213,0.0413885646639777
"21",-8.53945224341357,0.0468806765566555,0.000000626214345003638,0.340123714819272,0.000562100273000104,0.0409467855117243,-8.91484739161847,0.0514662210172021,0.000000562891770259414,0.329935655710849,0.000572374273528422,0.0478654612486781,-8.39996276914059,0.0456954065129967,0.000000632168167007992,0.328587957751733,0.000560715536166625,0.0414789250683308,-8.46266862459181,0.045308013761968,0.000000648675170739185,0.337510910964626,0.000557229499971049,0.0410308347848225
"22",-8.54461594088464,0.0471581333522006,0.000000610910596723303,0.338919318855862,0.000573524408761091,0.041070497802134,-9.09221817976749,0.0538892914054015,0.000000514670582917856,0.336538064659505,0.000553190287673052,0.048545513478736,-8.62810785399708,0.0476649518539211,0.000000568612157088236,0.334603895176037,0.000543679422155504,0.0439264824710372,-8.69902704727371,0.0479936675562943,0.000000690356606639542,0.346884158202442,0.000594107823649116,0.0411166964622519
"23",-8.51313320234056,0.0469348004380127,0.000000568697327442704,0.3388104183366,0.000562128271405442,0.0408525708926967,-8.98247538058047,0.0521026647315799,0.000000501059385705319,0.342483933692009,0.000564660941001057,0.046335831492161,-8.5064494966002,0.0456201438091572,0.000000683623635210337,0.341753346030787,0.000552454499912818,0.0407940673462493,-8.65287541468231,0.0478557632005397,0.00000053289981433585,0.341683151133096,0.000582472729609224,0.0424265041022189
"24",-8.56851312247015,0.0469598310198274,0.000000621366690895859,0.340229843072043,0.000565740222435777,0.0414829556799394,-9.05324718443641,0.05342922485584,0.000000646781000797495,0.334042731565899,0.000534701638188559,0.0480567053785372,-8.60287186294884,0.0469114994905214,0.000000654624757089785,0.341698645443793,0.000538478146202275,0.0419837540693542,-8.6973222113365,0.0470604437297876,0.000000531870600349896,0.343993957274132,0.000562480778174838,0.0432227164034539
"25",-8.56279111967737,0.0472300005262291,0.000000592945072842407,0.339275375747659,0.000563087779672816,0.0415003509364913,-8.98360740056502,0.0526409115325062,0.000000536214300015767,0.334940546171722,0.000543850425594891,0.0475001824784615,-8.48370019819234,0.0465306761527044,0.00000062014065349253,0.336933511100295,0.000523080208363011,0.0409507757532231,-8.69983332866621,0.0466672246671004,0.000000662753734980493,0.342523618608899,0.000564947231159606,0.0435003115380589
"26",-8.54751080208973,0.0469059284749893,0.000000592887621951309,0.339405951092271,0.000569035849390089,0.0414008613702917,-9.05579302412578,0.0527474398660965,0.000000434345818096194,0.344574653789451,0.000578433733314826,0.0472251385386191,-8.61150327183716,0.0464597097447519,0.00000052061735783645,0.346332412047656,0.000554582196566885,0.0421322869840982,-8.56850506884893,0.0457293435119369,0.000000545657546192472,0.337695151043937,0.000565330252239745,0.043281871543161
"27",-8.56749689916795,0.0470628801855337,0.000000596216545338048,0.342662765320682,0.000560806054013414,0.0408448091272031,-9.09518987061721,0.0530497617023647,0.000000568977625449946,0.349062114231909,0.000594154106938437,0.04592101756476,-8.69794634818331,0.04779700257301,0.000000738844658914451,0.348115368491117,0.000573557897690939,0.0411336732503351,-8.80504652307476,0.0486117107446757,0.000000858544469566011,0.346834786108264,0.000604865529362318,0.0420834187337869
"28",-8.57305437457185,0.0472462084102513,0.000000624111627857711,0.339360947334641,0.000570155975818544,0.0415222132086858,-9.00113483590284,0.0532194907717822,0.00000039558398506056,0.336979480382224,0.000588042045710414,0.0472448950555231,-8.60584484261427,0.0474810929986621,0.000000452500347243513,0.340579061892815,0.000594972224022692,0.0424447238796073,-8.60948426823763,0.0492700920218162,0.000000501196641575127,0.336098849179461,0.000594833801320094,0.0416068637456864
"29",-8.56105326467829,0.0470307128369996,0.000000617119304615638,0.339754617937427,0.000565656397929028,0.0414300921743344,-8.94177635048149,0.0532225001376442,0.000000605384477336465,0.336371583119685,0.000540558442076857,0.0452332566243098,-8.44055111955018,0.0476185264029082,0.00000068235461402257,0.335997862656653,0.000540554250643667,0.0386257308777886,-8.52341090655344,0.0476770321313333,0.000000560978945972121,0.332683892508277,0.000573404099940512,0.0416502601892114
"30",-8.54911959130181,0.0470762162804162,0.000000600089594901122,0.34056643762255,0.000565095000864137,0.0408974778418288,-9.12743261921328,0.0535333080951177,0.000000553455603374311,0.3442422846667,0.000593033337537274,0.0474589603375902,-8.68359880837406,0.048338147306156,0.000000625687024021179,0.347780652120278,0.000573301960071075,0.0409429432248614,-8.51301392519759,0.0468654069168305,0.000000501159887327674,0.338748476228828,0.000561650501513125,0.0408365821876683
"31",-8.543938559101,0.046939834382745,0.000000625840527516809,0.339232833595589,0.0005586058159924,0.0412100767411111,-8.91115422445514,0.052442922165071,0.000000507586024164966,0.334783124679827,0.000576647259886839,0.0459670110017432,-8.45613894113878,0.0471039389586358,0.000000557409263921023,0.330501614409688,0.000565960411858494,0.0413094650761445,-8.67794023377713,0.048244062354969,0.000000569542053499077,0.341971464574931,0.000552205733483606,0.0426503510318855
"32",-8.56252976075451,0.0474251220611759,0.000000575154805355687,0.340161525674957,0.000562578909087066,0.0411821121333648,-9.06218469670357,0.0554248320952482,0.000000522459165741333,0.337348249408149,0.000548461452672184,0.046070036930078,-8.56918989995153,0.0495561045941087,0.000000516519256470511,0.336145419139923,0.000540245655274107,0.0404150646846452,-8.58510392971669,0.0500765041300329,0.000000542560008124291,0.332525758258263,0.000576309523467435,0.0406581780186465
"33",-8.49591961770753,0.0469636105210179,0.000000561980139911666,0.337127461921133,0.000566518298205741,0.0408935792086332,-9.06618061478929,0.0536956475756142,0.000000595260258285988,0.341246934173404,0.000561555440400372,0.0466740261123539,-8.65892821602881,0.0480003045510677,0.000000673248167383642,0.345443424879746,0.000543170702246685,0.0413477201019954,-8.5111144679877,0.0464727875682524,0.000000542784200169585,0.340619424276673,0.000561338233368439,0.0405156695526445
"34",-8.5393643156531,0.0469952493421231,0.000000591893940700839,0.339562225608238,0.000561893740895573,0.041128404493059,-8.84195597407774,0.0504136859237746,0.000000484828947861582,0.334165351484376,0.000567849823234773,0.0465373456110637,-8.42820227353111,0.0452848686289814,0.00000071668548908972,0.336828614737129,0.000552195825544116,0.0402189504421799,-8.62450845676481,0.0474113281772481,0.000000441347000568834,0.339426973183982,0.000576618496976851,0.043175164814181
"35",-8.53843654265832,0.0467812117206082,0.000000576926541242772,0.339945465298208,0.000567379790683405,0.0412680991333989,-8.87896384995041,0.0528794462349112,0.000000451384356373291,0.33523107146871,0.000633111912446418,0.0448592470656829,-8.41993700138512,0.0469495386817401,0.000000460456612693705,0.336256911414527,0.000642988984951514,0.0394710957805333,-8.5582085930188,0.0463835739390388,0.000000612414714078573,0.342192068876168,0.000633032826860531,0.0411420692789979
"36",-8.53657116296867,0.0471384060117214,0.000000638126565572515,0.338517243393088,0.000562587608296498,0.0409769567580472,-8.98030126350793,0.0535335804870473,0.000000522427802809558,0.334768834052116,0.000558928776088818,0.0466992363805943,-8.49254437779887,0.0466340753222892,0.000000576635121401919,0.336246739472077,0.000528270038896847,0.0412980594177378,-8.43864515133095,0.0464813512951227,0.000000619553988712396,0.333185220762687,0.00056735147044852,0.0404835725765108
"37",-8.52710507224315,0.0471664329387421,0.000000600809118293409,0.338903649962474,0.000574653825317493,0.0407516326717549,-8.97208933171494,0.0515186772562061,0.000000393762057943771,0.342741938982541,0.000530225823334923,0.046959758677164,-8.50477867267785,0.0452262261169714,0.000000508772530917839,0.340890613952359,0.000500828358829905,0.0421231581766894,-8.56944124429969,0.0463316379091247,0.000000814943388372496,0.33929458308533,0.000556553495190771,0.0413104773360753
"38",-8.54663261310212,0.0471203933535967,0.000000601811464900454,0.340350156305026,0.000558312182197953,0.0409269712641101,-9.01947077863579,0.054142288397139,0.000000512916826304588,0.339922866932427,0.000571378267285021,0.0457337533116032,-8.58845930908144,0.0480701525862892,0.000000622817353997996,0.34364925589279,0.000567530304520219,0.0401055751158458,-8.53485313540407,0.0471838165693024,0.000000427561609110353,0.340573551944834,0.000533842860000618,0.0412007615827862
"39",-8.55007732174109,0.0470696146680106,0.000000596690901139022,0.341311305527691,0.000559192238129142,0.0408901382602589,-8.97998515129985,0.052617868250818,0.000000474483721417011,0.335155615909954,0.00055384748986531,0.0476861069429549,-8.60397958733905,0.0476448508385431,0.000000550248408190956,0.337759298959706,0.000594982832123323,0.0426494003878827,-8.54960151482676,0.0482737003740885,0.000000547500188821034,0.347975565893731,0.00056827751178525,0.0382831498835929
"40",-8.54561209532956,0.0469754283543544,0.000000592607189923403,0.338375154705903,0.000559215487167214,0.041599105993059,-8.92430539437516,0.0528336558106645,0.000000669480464199333,0.336540231499932,0.000583985111372553,0.044779171056126,-8.53201517392823,0.0472422227044722,0.000000680572989258698,0.337868632706433,0.000552235805374349,0.040669665952611,-8.53413018706892,0.04559300189884,0.000000411681721211601,0.339890504944693,0.000561513042853073,0.0422694672393301
"41",-8.54170639702582,0.0469710608084776,0.000000621179413193503,0.34047457751615,0.000564518340369145,0.040804596087428,-9.01149253844058,0.0525260064398031,0.000000665975740911518,0.335009526542018,0.000583952993820713,0.0474890834717176,-8.58096511433197,0.0461284490466422,0.000000702949163520739,0.335145445770183,0.00061398800775024,0.0433526091584506,-8.68942705090578,0.0491965858221302,0.000000798769868963604,0.344727509163696,0.000593989470449338,0.0399902800350448
"42",-8.56198020351634,0.0473863770003916,0.000000611257976313745,0.341485205355162,0.000564685204164772,0.0407529011261252,-9.01546686438938,0.0528490899450668,0.000000556695957070455,0.343518296788805,0.000575601787462704,0.0457384212328374,-8.50097801978996,0.0466290677821589,0.000000585361017096922,0.345897916928809,0.000560006913463889,0.0390309388871977,-8.35316084035192,0.0458683287195952,0.00000069157587324994,0.335947749679697,0.000530914282043179,0.0385186432039797
"43",-8.54209697762009,0.0473117685448578,0.000000579797085596499,0.337359505154114,0.000561647825671585,0.0414842238572225,-8.94539479615503,0.0521906958850541,0.000000538404913600568,0.337378034379125,0.000576158652744787,0.0462903639623954,-8.39542963447095,0.0455387223715153,0.000000523142203031723,0.338307769373978,0.000568966356169849,0.039598333085009,-8.62503294773654,0.0473551114806518,0.000000542737531372121,0.347926188421564,0.000587890074506592,0.0404510032038198
"44",-8.54910129855388,0.0473406159336876,0.000000618273450887698,0.337605561341991,0.0005583545262951,0.0413787831201238,-9.00826715577664,0.0524906489672295,0.000000576385657543275,0.332545045664445,0.000538250538421145,0.0485861491546488,-8.58834607645138,0.0465359048946836,0.000000640414432558714,0.337205468630536,0.000510798247778555,0.0430544709650474,-8.52309369271433,0.0484585918166215,0.000000400313124909357,0.335936170821972,0.000504009675062025,0.0411280021851112
"45",-8.54503160992512,0.047029784593085,0.000000590294798349266,0.338960714394602,0.000560642399079444,0.0414128868969176,-9.00623113228814,0.0524252420841039,0.000000602274813486875,0.337235186198776,0.000565509208036377,0.0473958429939912,-8.50686245070165,0.0473116373405368,0.000000685592630850917,0.338950249232202,0.000567233489507402,0.0397822314278331,-8.59159609291251,0.0461296000942763,0.000000255685438295511,0.349214849658672,0.000588762958960128,0.0418340678738719
"46",-8.52800973992851,0.0467743563219379,0.000000560080975843602,0.339533347331906,0.000562328776082082,0.0411679475780201,-9.09256643743228,0.0530447597879704,0.000000470086717604523,0.347008662724176,0.000608298085247452,0.0470697503366635,-8.60230129640633,0.0463545063267633,0.000000508941588661377,0.349184426790894,0.000579927509805025,0.0413052931923756,-8.60086043575881,0.0462620421307959,0.000000726617565116613,0.345002489822058,0.000571379781233286,0.040774766504864
"47",-8.54930362706361,0.046660413219199,0.000000560808806173544,0.341681769199856,0.000567065431330451,0.041260053586334,-9.08102115048748,0.0529970890877617,0.000000784005529138585,0.334194366536803,0.000568504282545205,0.0484431282543123,-8.49335981598966,0.0461336219201278,0.0000008038181909704,0.333741727087373,0.000543251343846995,0.041239789791316,-8.58093010809214,0.0481565319334949,0.000000251613273841424,0.343227016970663,0.000535738364297929,0.0413463122585192
"48",-8.55211807571117,0.0470804756246589,0.000000632063884606455,0.338612635768775,0.000561339190895087,0.0413634574220982,-8.97585414626084,0.0527895693594669,0.000000486252607697413,0.327885582986961,0.000592417736603313,0.0488610217643464,-8.49368334798326,0.0472558792396059,0.0000004187367299634,0.325444066910193,0.000563894716914826,0.0438311504179143,-8.60575926951648,0.0473036902266872,0.000000558139568234418,0.343888217320656,0.00050936131394994,0.0410226705306369
"49",-8.57524263513839,0.0470700444195273,0.000000619497177082595,0.341334959348301,0.000572789662945448,0.0412645760430377,-8.86887197720616,0.0519139017092137,0.000000550743997749997,0.33068692885061,0.000564030973949763,0.0462730383414993,-8.4006844945703,0.045523470779074,0.000000650256728930187,0.334043496989696,0.000540507480661776,0.0403605961738382,-8.57213502854677,0.0466935329164216,0.000000654607929765494,0.335262147685509,0.00060261338455477,0.0423265098799839
"50",-8.57205960429999,0.0477446524858779,0.00000060673190401667,0.338229882577878,0.000573012333841102,0.0414099074817927,-9.0543073902334,0.0535646554054608,0.00000033204570065267,0.340052827569643,0.000583833614772119,0.0479286766829335,-8.57572189895309,0.0479424106821819,0.000000531955063532412,0.340824913269885,0.000604475016865576,0.0410196362880341,-8.69939592549409,0.0482226659371507,0.000000584556906425838,0.342048732965805,0.000622290653306901,0.0424825369055636
"51",-8.52828085066045,0.0466659420719167,0.000000597735275965705,0.338678553112407,0.0005629224405573,0.0413727045443574,-8.92145151203483,0.0513671703231786,0.000000633115021905169,0.332344177986698,0.000589061904790448,0.0471788650768986,-8.52587412346434,0.0458734211701582,0.000000610802642339844,0.338581822624814,0.000585402044837283,0.0419408766474329,-8.49570730038398,0.0461977060241788,0.000000167637130402529,0.34427063135933,0.00058302657036967,0.0410709696688949
"52",-8.54593272233017,0.0466425572753687,0.000000624084988892042,0.342572564317821,0.000567506145962043,0.0407004878287181,-9.16009993061757,0.0543650353306201,0.00000068763572453806,0.343133458208053,0.000590551053386525,0.0473119621293371,-8.67500578320071,0.0483460389610422,0.000000739173494984517,0.34593051973092,0.000611800360443871,0.0407218055909441,-8.52627602358603,0.0463296561259853,0.000000734979325727911,0.337743853335362,0.000589100855174597,0.0413484945706606
"53",-8.57484283860797,0.0474530459490422,0.000000614631450137007,0.340035149411558,0.000555245099742664,0.041360914485305,-9.03642775442305,0.0528995436848204,0.000000687649956923143,0.334241774129576,0.000537985606296066,0.0480545439189656,-8.61942384385388,0.0480371717801223,0.000000779000689611052,0.33385583080325,0.000559365171661145,0.0426351651067293,-8.66300267194713,0.0481343243247156,0.000000658963320488165,0.341644168734583,0.000583465145944829,0.0415908232657376
"54",-8.55268935668873,0.047008841943647,0.000000585553594113276,0.340390798570062,0.000567821939218103,0.0411586394418172,-8.94780585335171,0.0525811537381621,0.000000515599377773189,0.339317803927203,0.000600444936249975,0.0454712287882196,-8.53587171324457,0.0468857675003673,0.000000518586136348304,0.342206021319997,0.000615322869758743,0.0405479954318315,-8.49110383753921,0.0474349981584853,0.000000575244471280751,0.337328097555385,0.0005768463629911,0.0399484543726689
"55",-8.55317444485173,0.0471863574824843,0.000000577631277901644,0.339188667078141,0.000558878196541703,0.0414011841384733,-8.87406287565441,0.0524921869096679,0.00000038044144238635,0.33323258471058,0.000535528706667457,0.0460269329475163,-8.48504296323813,0.0468223827741758,0.00000047829922618612,0.335970918516275,0.000530374819053267,0.0413331198545338,-8.60053767265276,0.0479838949018858,0.000000658150391849169,0.3328868775405,0.000534867172652228,0.0425088017453502
"56",-8.50907018239481,0.0465526717762662,0.000000591497836911276,0.33817048186229,0.000568714157648514,0.0411655077840866,-8.91333662726448,0.0517486914419534,0.000000487857877670824,0.340395385415207,0.000570754774676231,0.0454781832687117,-8.47897398450436,0.0468458197091945,0.000000434762028830167,0.345307846557922,0.00059714390852245,0.0391741308533956,-8.66164491241611,0.0468096746845964,0.000000650549954911197,0.342021447434301,0.000577442335187778,0.0430081946396926
"57",-8.51781525283477,0.0469451228472478,0.000000575339368542313,0.340023182401561,0.000564993537744138,0.0406279437259388,-8.93393458085635,0.0533700941883123,0.000000340586707318736,0.334197514174364,0.00055576548358636,0.0466778150209452,-8.42031543790066,0.0470704171218323,0.000000413632298557528,0.33595220287737,0.000553390530147595,0.0399151488445319,-8.66383846075887,0.0489105903209132,0.000000608810224381195,0.343823400736747,0.000524861076646342,0.0405715207335409
"58",-8.54100415681267,0.0471339814428076,0.000000592897768080892,0.338310258972883,0.000569752738743277,0.0412615115240352,-8.92702559061386,0.0531230290923172,0.000000523090961260465,0.336576151596202,0.000619649252425662,0.0450186267459912,-8.4116254420323,0.0475233737907709,0.000000499968196787311,0.338101805616363,0.000588755408731635,0.0380632118740937,-8.58855555332892,0.0477120350942417,0.000000634765563449672,0.339660542251092,0.000574659323694151,0.0408506780390886
"59",-8.56915348821871,0.0470609462027797,0.00000059103520003674,0.340154667729559,0.000558469326798589,0.0416553644246818,-8.97816348198652,0.0518701781302104,0.000000785569321365245,0.335837320397593,0.000581066582107261,0.0466737499504373,-8.4393341945406,0.0449886621914242,0.000000794974215963068,0.337444201914854,0.000583943296389984,0.0402373765044001,-8.72560248070294,0.0477550122723316,0.000000741544628162406,0.3477292124905,0.000561203205655777,0.0420653771496325
"60",-8.53330641842833,0.0466426547152334,0.000000616419906330515,0.340434418884375,0.000566435169306622,0.0409504126149452,-8.90057401852956,0.0510422571108698,0.000000539133648788891,0.347956713353204,0.000594553886700446,0.0436331857907032,-8.44415056062245,0.0447287763201075,0.000000478293229365399,0.348781176920867,0.000616740823546211,0.0391584610814532,-8.61645148162478,0.0472164864424094,0.000000622817026006112,0.342387708736593,0.000578420304737563,0.0411176120799336
"61",-8.55627278083926,0.0470047628364351,0.00000062340370175139,0.3387317909212,0.000579156236745454,0.0415027932717949,-9.03635655138378,0.054482571761366,0.000000503274167181123,0.334305797565652,0.000543920941486537,0.0472867803349968,-8.57001987297663,0.0486895796612315,0.00000045532285433729,0.337932810065557,0.000533412368046756,0.0413953621033147,-8.71122293482271,0.0492228208639058,0.00000075900706732825,0.339789325881065,0.000567722475827649,0.0416099086226532
"62",-8.54797007368429,0.0473116554127097,0.000000578391920499868,0.339990024192556,0.000569302993241577,0.0409494679578117,-8.97342103196328,0.0535218587008996,0.000000547419507129948,0.341567452767203,0.000525935328620828,0.0447307629795893,-8.57452575571368,0.0481410270151371,0.000000704237521569465,0.346104419088246,0.000520052812198581,0.0388555138784893,-8.62547258781189,0.0466554046817107,0.000000417964414409824,0.342016721457529,0.00061642503081971,0.0427816567583002
"63",-8.54883492460274,0.0470804948968181,0.000000583416186956325,0.338900514339827,0.000564117870255127,0.0414702152072529,-9.02930396692597,0.0535127002494077,0.000000624081149603171,0.336322380393222,0.000533180081980037,0.0469744821336968,-8.50814429121333,0.0466580932381234,0.000000646991727565158,0.337667796208735,0.000505748257354292,0.0408684255099279,-8.60220158043346,0.0474197725117632,0.000000569605061560037,0.342112445535735,0.00057724259041197,0.0412602708326113
"64",-8.52230066838186,0.0467133954580871,0.000000574542970663415,0.338112798281561,0.000562642158456601,0.04143396930777,-8.96658902320381,0.052469674814242,0.000000353307381494767,0.341471879023376,0.000528143375359674,0.04656082841196,-8.49895813182244,0.0464302468205735,0.000000414170872155481,0.341706768264141,0.00055827452249256,0.0411692294560267,-8.66568516380102,0.0481680635934027,0.000000725094142289673,0.347669534155553,0.000555458739888503,0.0399750636888614
"65",-8.52976812596148,0.0468497973935901,0.000000601449664085935,0.339224156161845,0.000562340436142015,0.0410796735284627,-9.01837508130873,0.0520756353434273,0.000000436144190406657,0.34269251276498,0.000558449604814929,0.0472697164559473,-8.64530707916832,0.0469881608333184,0.000000604583563032994,0.344797161033542,0.000551632343232938,0.0423262043522104,-8.49198149038154,0.0477815054289199,0.000000526551163885509,0.333503490949359,0.000575801803119143,0.0402478570063248
"66",-8.55982859778676,0.0473532886487414,0.000000599635780627656,0.33886645578996,0.000560444489158984,0.0413080339306749,-8.97198221981803,0.0526254016521456,0.000000520206327976939,0.334321502388318,0.000534006428059469,0.0472769913665611,-8.50108273697799,0.0463826035688499,0.000000530276039590317,0.339992709848384,0.000510731819271238,0.0408808555043416,-8.68170804634942,0.0471669914090068,0.000000384077097925884,0.349188674375305,0.000585683294743507,0.0424643061524893
"67",-8.51784539780045,0.0468096949330658,0.000000596922291535259,0.338742345263265,0.000571174821494361,0.0409195586217443,-9.12992690757274,0.0546765367965623,0.000000541991071606535,0.343209077052279,0.00059562638121606,0.0469231258643742,-8.582568970971,0.0477264865132203,0.000000517953190088541,0.341778166195802,0.000588898654224959,0.0412052793771716,-8.5765635556026,0.0477078623251498,0.000000623901410485726,0.3418837589683,0.000547041598433626,0.0402057339044346
"68",-8.57257809563251,0.0470543266579304,0.000000603637243588219,0.341778769976749,0.000569000240641503,0.0411697586697538,-8.9637490594092,0.0517177466532352,0.00000052694029520124,0.337300821455923,0.000555274157019048,0.0473204545029328,-8.44835898922375,0.0458230837528191,0.000000716958660214379,0.335582383210236,0.000556168105361967,0.0404270689629875,-8.71295433420496,0.0475114625450475,0.000000762007636172834,0.345400951867263,0.000559585240869211,0.0421142562694323
"69",-8.52566074287837,0.0467799171986583,0.000000619474257460607,0.340230271025227,0.000578646396267609,0.0406745793641212,-8.94353060239084,0.0528134058025605,0.000000733051619610616,0.335621448623799,0.000627976339263196,0.0450113471141641,-8.62988024605924,0.0482735541638618,0.000000835067279694504,0.342726204422463,0.000613402406254781,0.0399890414965307,-8.51883624746852,0.0478588801839924,0.000000631155393457706,0.334453103277219,0.000610014305422037,0.0402689265238838
"70",-8.57454103741729,0.0472657248480463,0.000000643042791094039,0.339885040182643,0.00056947475702761,0.041351861178502,-9.09470618146077,0.0524675141630464,0.000000556806673595707,0.345118320315508,0.000598464466039464,0.0476304678017599,-8.56725514003157,0.0469339653644883,0.000000688999843175726,0.344667137896622,0.000600614759260534,0.040160893085487,-8.65976284303244,0.0485353891976176,0.000000968808576312523,0.336157257425551,0.000594817165227562,0.0409874382504808
"71",-8.50381141242682,0.0466961023745057,0.000000588534463960959,0.337463621968305,0.00056943822034187,0.0411198646666894,-9.06571530970109,0.0517276177158597,0.000000586921310070825,0.346250066219981,0.000599098781599947,0.0472167580647184,-8.69282942755699,0.0463631420841354,0.000000730297954345091,0.352147305514749,0.000614304764496995,0.0416417342205232,-8.67607380967678,0.0471417162960674,0.000000638785245743015,0.347694790827322,0.000554111048029053,0.041056828951223
"72",-8.56573177361649,0.0471206457902847,0.000000599420520677424,0.340223308187817,0.000575404885494673,0.041340211833309,-8.96818218311044,0.0532687816414794,0.000000503443686423745,0.341216726207432,0.000529957598700469,0.0451014843632413,-8.46657716751396,0.0474597629085734,0.000000663042614500236,0.341295079608584,0.000546191597630509,0.0381340261050468,-8.57674065037973,0.0469492791535633,0.000000711175594831678,0.342755001189958,0.000596067923682239,0.0405717476046154
"73",-8.51510765803009,0.0467350266772396,0.000000606376152552125,0.33736791223787,0.000570682229591149,0.0413121251336754,-8.88245962536147,0.052940482428015,0.000000460389999275504,0.332992435003393,0.000590235199377401,0.04554932989239,-8.36424855126498,0.0462917659274394,0.000000574422281757321,0.334077639022193,0.000582805236305175,0.0390152120081821,-8.56674799115236,0.0467924641869796,0.000000638738181524347,0.337732704827149,0.000594509340322141,0.0415253234352758
"74",-8.54760456616914,0.0470454992815629,0.000000608483316067887,0.340313575827657,0.000574774640932679,0.0409791692595331,-8.9467357992136,0.0535764531760304,0.000000510184857036629,0.336002003452119,0.000552319610150349,0.0455240830974531,-8.38930810419278,0.0457055216903736,0.000000588711873345387,0.337761002494131,0.000576704152750014,0.0391698559800635,-8.58153929658197,0.046754088113282,0.000000595878674207376,0.344176396844983,0.000567691304188846,0.040478596666359
"75",-8.54351437652383,0.0470723983592011,0.000000640347885031131,0.339030648357702,0.000573091214805332,0.0409808923173337,-9.0865198375088,0.052264102553553,0.000000673500787343492,0.342261860750259,0.000556435420295106,0.0478463198084109,-8.60818734434842,0.0467261660037418,0.000000636840040563998,0.345256810673504,0.000590833814137209,0.041391025254269,-8.61459977495943,0.0474638200183474,0.000000625913213317519,0.340420765039439,0.00055878581145799,0.0417518290906997
"76",-8.55124363528729,0.0471111182123147,0.000000609972853697542,0.339725345370947,0.000567852214519637,0.0411228618274656,-8.93766109961361,0.0519693944508107,0.000000642928023076349,0.334532421483294,0.000609426537439665,0.0463925117208044,-8.52263013287079,0.0457523801821559,0.000000981105064315739,0.3356905834357,0.000629802949053606,0.0409129761395106,-8.72615092567577,0.0478114883004558,0.000000615631517601226,0.350512428671272,0.000587106648214141,0.0417607311475341
"77",-8.55871725764517,0.0474088841419325,0.000000573971719742915,0.341135495009401,0.000570155029604428,0.0408308730784288,-9.00120666308812,0.0536904080177845,0.000000501069169155554,0.337856963462464,0.000563954116779883,0.0461408291538199,-8.60558616007632,0.0472025719700067,0.000000502394975538383,0.342121385986917,0.000567224713699821,0.0421464858360145,-8.51951349277145,0.0459584436888108,0.000000518159521519815,0.342204377871979,0.000548895775698386,0.0411038857445481
"78",-8.52364843340058,0.0470454918091289,0.000000585060552123289,0.338565689295524,0.000558574421500488,0.0410162086234522,-9.09731742337592,0.0539107666413385,0.000000569372578444563,0.336691535666001,0.000587791022127303,0.0484430740688947,-8.54673531929641,0.0471960590164017,0.0000005595543281338,0.341264634701964,0.000561047577085841,0.0409023262706507,-8.77428718705691,0.0473807476251175,0.000000629865194985806,0.34752741644645,0.000586155683716861,0.0433735590919323
"79",-8.56269600076638,0.0468911446025084,0.000000612342855295944,0.340849879254427,0.000556521345431004,0.041385724004313,-9.1298315913505,0.0535481735107468,0.000000503120844012419,0.345479786208596,0.000584562763017437,0.0476936504580323,-8.58924598358146,0.0471669844055218,0.000000544784569262095,0.346503814101684,0.000546914734402287,0.0406905654614998,-8.67979841678811,0.0477361908590584,0.000000710286223044994,0.340013548638573,0.000552734816846518,0.0429784363289762
"80",-8.55562780882761,0.0471002159520619,0.000000585450265991246,0.340906804797506,0.000570413129326627,0.0410308523897533,-9.0356880815401,0.0539432429872026,0.000000604193732127969,0.336849518036603,0.000610452408231772,0.0465559957960098,-8.51290777051794,0.0469043989948403,0.000000633226614484662,0.339278441952755,0.000606850721206444,0.0403494629728207,-8.76578721670959,0.0479842609861679,0.000000718015336247848,0.346032522653056,0.000637015781934765,0.0429855647823957
"81",-8.52639953169474,0.0465759926339649,0.000000578714390159045,0.339227156072291,0.000568479217520758,0.0412648452492008,-8.92319308191676,0.0510815777212811,0.000000552737366751101,0.337989932173359,0.000592073388626687,0.0464920966457278,-8.50872124132122,0.0463873139992256,0.000000620515703060892,0.338572331420143,0.000552353193142157,0.0410797839037917,-8.59864438865423,0.0460333982361386,0.000000784343533304669,0.339997645937962,0.000569968149115286,0.0419723876116425
"82",-8.54996238387969,0.0472187047010033,0.000000572499640330461,0.340893047734292,0.000566411362874989,0.0408901765675339,-9.1600609820388,0.0555707363587529,0.000000605038251539201,0.340786040045027,0.000607285884451173,0.0470369493062769,-8.68024665734502,0.0489568463929847,0.00000058476824161402,0.343878754849254,0.000579750525410234,0.0414634078580176,-8.67852380611005,0.0483138081869326,0.000000624785534530818,0.342574648066659,0.000539403029761374,0.0420375096996826
"83",-8.53465559366939,0.0468597979990507,0.000000632785080334785,0.339678403297012,0.000564355613266066,0.0408789385303147,-8.99887631953991,0.0536391768073397,0.000000525576664630744,0.336477171834443,0.000550926588830312,0.0464123153043565,-8.51517275989633,0.0470073862008491,0.000000588095755621027,0.340075172531146,0.000590544555556105,0.0401716171185334,-8.65093453495775,0.0483176627747905,0.000000622761359440849,0.345749754892179,0.000543987060656131,0.0404914607553058
"84",-8.52134671995815,0.0467012802375898,0.000000594348053442598,0.338274909115045,0.000561174270158975,0.041285451099019,-8.94886960755171,0.051904497948467,0.000000530460605646787,0.338269729803291,0.000514763811723643,0.0466074328068323,-8.4459405964256,0.0460613485699177,0.000000645865983959129,0.336058967245244,0.000524083773202262,0.0405078499435684,-8.48733739178018,0.045263183394459,0.0000004532254712219,0.338014591477367,0.000579871499658534,0.0419792266193111
"85",-8.50511210590346,0.0470320868956238,0.000000582124803886902,0.337063811707671,0.000562327402407255,0.0409743559654904,-8.92827877179649,0.0522164960137007,0.000000466759134991599,0.336265492496707,0.000512364892577721,0.0465875198416946,-8.43512301124507,0.0456886518844665,0.00000058197450127777,0.334396751748287,0.000518597359790896,0.0411417352015705,-8.52248774874893,0.0473231502788142,0.000000813012625238613,0.340186243098774,0.000583357799108672,0.0389451636381088
"86",-8.53069153266431,0.0464848617475278,0.000000589284997273245,0.340554455644688,0.000555240456553999,0.0411678948963892,-8.93616546900031,0.0519558867372028,0.000000530473339490972,0.331529406855162,0.000532832052354878,0.0477255634485774,-8.43421592477621,0.0455711464125077,0.000000540357945419136,0.333414876861208,0.000485135720336695,0.0417754074298839,-8.57253148942111,0.0456562464574765,0.000000543628872163776,0.347677136975052,0.000565562781496937,0.0411452055086908
"87",-8.53352061588876,0.0469291223774427,0.000000599415542121344,0.338638959462183,0.000571885033071209,0.0412039225138557,-8.97254694141827,0.0529416791320508,0.000000591638898893365,0.338334920729001,0.00055627425804162,0.0457993199982281,-8.44770891658939,0.0464469423159313,0.000000493644934737864,0.336077712470332,0.000581489219069226,0.0406835906198986,-8.73552986489751,0.0470555292019597,0.00000062211530962583,0.349554133036117,0.000605174158090506,0.0425792522865926
"88",-8.4982571098799,0.0468734780248602,0.000000538081486781185,0.338292296727647,0.000568573311202443,0.0408513559664622,-8.94472373935844,0.0531663190838924,0.000000531623785450003,0.336582370252452,0.000547020168342939,0.0456963355682962,-8.47154481030832,0.0466071695810637,0.000000532222475159421,0.340990918832384,0.000582387848801237,0.0398070220671622,-8.61267104283787,0.0476155711310205,0.000000572064640631497,0.342044319592908,0.000624528583269001,0.0413046862782732
"89",-8.53091897676509,0.0470480254619814,0.000000575988064070608,0.338533345088276,0.00056149771933085,0.0411837901434843,-9.10370583054287,0.0534202534156714,0.000000657024238481241,0.338628633343603,0.000569664857205324,0.0481486220369155,-8.62902376179703,0.0473748746156083,0.000000563155557193452,0.343679321032442,0.0005604951072447,0.0420901577512097,-8.46953149625164,0.0472924361139201,0.000000396209782668907,0.334870835440801,0.000545524055813145,0.0410689102384102
"90",-8.555940723691,0.0470379689066217,0.000000612526928797557,0.33869285607575,0.000558062788543949,0.0415903339911458,-9.09370758982663,0.0534994131452149,0.000000723019249338472,0.333851554771943,0.000565830148658343,0.0487318905314791,-8.6282750827405,0.0480576331762,0.000000709467432638296,0.331269587997174,0.00055205969099864,0.043888442646201,-8.69499409876069,0.0483005532961896,0.000000607378624880596,0.340159557455648,0.00056512890585006,0.0428573131081044
"91",-8.53554746966819,0.0473119698005201,0.000000592019550064529,0.339100091101843,0.000562723567138364,0.0408331424027432,-9.32691505169564,0.0563148793118323,0.000000611703901815273,0.345198559745553,0.000590297262969772,0.0493726885754619,-8.79276946374291,0.0498397546148209,0.000000691927381540071,0.347378050467723,0.000591099758977783,0.0420593338706845,-8.59810202623649,0.0467813185471917,0.000000508108726202125,0.343478506604409,0.000553297142107605,0.0418612757466706
"92",-8.55595591583973,0.0467863871860017,0.000000606588931496769,0.340852176798164,0.000554303548322634,0.0412806593857822,-9.00074319712247,0.0517238064457898,0.000000552249011283195,0.343432461621581,0.000604887284160388,0.0464769439159834,-8.53165342987756,0.045949539607435,0.000000545700451318176,0.342662056934514,0.000599153749011561,0.0412689698941962,-8.54349921106284,0.046010873603695,0.00000064253152395622,0.347538559203032,0.000477100677918231,0.0400903328186317
"93",-8.53761030862506,0.0471838699225294,0.000000591021237513215,0.339114617856458,0.000561730722348977,0.0410378127420681,-8.99445614424342,0.0546622290992669,0.000000470895156139493,0.334278981819257,0.000569274629433878,0.0462715858184505,-8.50689587831829,0.0482537783940082,0.000000584103714308667,0.338446744055227,0.000559253152145842,0.0394750620259308,-8.58053803481717,0.0470303193051627,0.000000556824340209546,0.34690644749733,0.000536630108026328,0.0403265883458796
"94",-8.57203829478047,0.0471812157946352,0.000000620539419415194,0.34011760187553,0.000563283661209223,0.0414097126012361,-9.09278312547784,0.0547010138676012,0.000000558263302890462,0.336084755540851,0.000580438424920655,0.0477109776702742,-8.56387732815469,0.0476148376664547,0.000000554056646439318,0.335385865639384,0.000580222532571281,0.0423064264479187,-8.58475057380789,0.0473528255165426,0.000000701535475519313,0.342650835809099,0.000564556914962324,0.040382284200281
"95",-8.55611063476353,0.047081851415825,0.000000536403292760042,0.340973126230567,0.000569881063349694,0.0412654907048187,-9.06979118306882,0.0534089793931737,0.000000441027694096379,0.339445138898946,0.000638400088329262,0.0479156862609639,-8.62274607365421,0.0478583360487339,0.000000475393058634249,0.339986268708527,0.000641894301269441,0.0425393013304492,-8.6452093744587,0.047129967625947,0.0000005562167915586,0.344727005372342,0.000550218252407299,0.0417420879504249
"96",-8.53270792134185,0.0471703391380387,0.000000572588453957875,0.338803132719721,0.000570894837342966,0.041044498966234,-8.91516681955173,0.0523131066224093,0.000000464936826231677,0.333335087457781,0.000587642674755928,0.0466270637006398,-8.48049302373939,0.0458984790142769,0.000000582543712958389,0.332082374532682,0.000561754492050304,0.0425431913429546,-8.5586594497733,0.046760944150894,0.000000462136861279735,0.343514116150847,0.000585453796993754,0.041290483642283
"97",-8.52705325969897,0.0470365571246514,0.000000586635556457895,0.33766709658509,0.000556464046226539,0.0412719544855837,-9.05014721296677,0.05309666841965,0.000000465188628994128,0.336505332914771,0.000529507118870565,0.0485419685863539,-8.50166965476104,0.0471963331617875,0.000000497540699899674,0.334960287948884,0.000504294023743399,0.0416215013695427,-8.53642887610614,0.0464920033236995,0.000000651227124826737,0.340425476748956,0.000525729736847423,0.0410346984026027
"98",-8.53937639298815,0.0470228916647159,0.00000053050923857414,0.339214380395868,0.000556059066607799,0.0414348002286687,-8.9573184932087,0.0542026073942217,0.000000314799083049805,0.334578189986491,0.000590220448214274,0.0464145739062155,-8.40427291373876,0.0482143193923394,0.000000454544280447129,0.330746913654034,0.000582004688473842,0.0395565145765631,-8.54311133566192,0.0466058039947576,0.000000532588469028083,0.335193637449141,0.000559115955612296,0.0429328708654528
"99",-8.5528239257781,0.0471125724175639,0.000000570660051539439,0.340228015601249,0.000571230803109759,0.0412326281137472,-8.94372141229565,0.0526761564680453,0.000000434089660589804,0.336626831475125,0.000572930835574079,0.0465367961808017,-8.52380797404014,0.0470390216983812,0.000000476555167580187,0.339344128949061,0.000573081105078679,0.0413548650190746,-8.61772201255545,0.0473760460359265,0.000000493084937814029,0.344701519152379,0.000605426325469999,0.0410296185317752
"100",-8.57038551153697,0.0472701164364924,0.000000582740597323304,0.339130725218366,0.00057431881220081,0.041691038354527,-9.0633721095841,0.0529778467412283,0.00000059204873660128,0.344159970319132,0.000590653104401236,0.0463924634387666,-8.62781554127138,0.0466910664029823,0.000000657678515468751,0.345507201505112,0.000587975898321945,0.0417403014031447,-8.42827078591583,0.0458930606796579,0.000000733873213781418,0.323126833147217,0.000593635550445044,0.0427392572772149
