"","intercept_logit","age_logit","fnlwgt_logit","education_num_logit","capital_loss_logit","hours_per_week_logit","intercept_cc","age_cc","fnlwgt_cc","education_num_cc","capital_loss_cc","hours_per_week_cc","intercept_wcc","age_wcc","fnlwgt_wcc","education_num_wcc","capital_loss_wcc","hours_per_week_wcc","intercept_lcc","age_lcc","fnlwgt_lcc","education_num_lcc","capital_loss_lcc","hours_per_week_lcc"
"1",-8.59311080633021,0.0480668792051003,0.00000051887137231173,0.336172741050483,0.000547839005095251,0.0424658240797497,-9.14518814939162,0.0533638288754921,0.000000572570461748118,0.333675946357365,0.00050875643393003,0.0507564303922968,-8.61832121880808,0.0472244772935563,0.000000618577216750609,0.33219331763088,0.000508030936114541,0.0445188036032534,-8.69741792006779,0.0496548801839672,0.000000291552487125788,0.347971140892053,0.000422899500619057,0.0418157528160644
"2",-8.41866183067255,0.0458138112537548,0.000000637026883167996,0.333159440965539,0.000586053989469945,0.0408560678277703,-8.78260702255951,0.0506123950780029,0.000000463941057061045,0.319430813266824,0.000573557238479682,0.0488003410680427,-8.30806229629722,0.0449843487557963,0.000000467136776300674,0.320083778433886,0.000567667232348937,0.0429608233390035,-8.69762476122621,0.0455159973968382,0.000000984005905011639,0.345697791574117,0.000606140532821618,0.0427430539802477
"3",-8.49470651423524,0.0474809985045331,0.000000657309606615248,0.335143964253189,0.000556073858104583,0.0406509315605342,-9.01449549829931,0.0529902924655662,0.000000706268372873322,0.334439930204713,0.000571532757135516,0.0473823354475587,-8.51922600270096,0.0470540993751908,0.000000793584675253226,0.330307145306861,0.000565053608448391,0.042160769744934,-8.56748414563815,0.0461205137966658,0.000000560903471675272,0.344969218371992,0.000573926950701273,0.0417401615389274
"4",-8.54092393612416,0.0479232487838812,0.000000658055619154425,0.338800185263817,0.000581360288982543,0.0402244848393442,-9.06715019067327,0.0524683113348835,0.000000557234395729796,0.351152337529531,0.000597629053316008,0.0455242632596106,-8.61781300070311,0.0468611635638726,0.000000571314531911925,0.354241833305528,0.000596821809613204,0.0396000210293135,-8.45652815031834,0.047807856339395,0.000000722893213692409,0.341002624184111,0.00060225268701329,0.0379270148128837
"5",-8.65891547979418,0.0463868726762985,0.00000079996634072351,0.350052370301315,0.00056508963454599,0.0408960622092348,-9.23615232500957,0.0525215404662358,0.000000833708185109527,0.346137891419317,0.00061392795684641,0.0492266837084886,-8.81672883485286,0.0469438452443433,0.000000926760998655486,0.347805000906843,0.000593039525344149,0.0440038171458659,-8.72202753785501,0.0468464231982855,0.00000063775677361058,0.353397721149387,0.000639322384445058,0.0421127246033958
"6",-8.55681211766289,0.0459287039946239,0.000000602461991600638,0.340047234131081,0.000594189007759184,0.0419925046128098,-8.94478729339196,0.0500897311258304,0.000000451271956532849,0.336869012562444,0.000601624047926469,0.0484487672901901,-8.46766299976468,0.0443625407135481,0.000000490206646892664,0.338260236382104,0.000587479685335471,0.0423335548573586,-8.81179743681262,0.0475913315606399,0.000000862237667155108,0.349366514187037,0.000604189671094194,0.0425495386147425
"7",-8.5181744058646,0.0471704522030707,0.000000677950589262677,0.341815396323469,0.000569160241961804,0.0395484366156156,-8.9841031036068,0.0527205772441004,0.000000567747597190968,0.336903400663471,0.000524684139804689,0.0467911720171949,-8.49600272394186,0.0465986968057364,0.00000066383563120586,0.33954767983414,0.000518336862318513,0.0401953442211,-8.66299491916017,0.0489147781746756,0.000000822616852594409,0.340709694046425,0.00060696891871165,0.0409007059243882
"8",-8.66766433327993,0.0482001961017381,0.000000611713520737974,0.346721603770681,0.000558385964867682,0.041060439259398,-9.10121136435716,0.0520821930966956,0.00000060388207626167,0.344526695729696,0.000560941590097938,0.0480055890739121,-8.62505680042841,0.0460690374436767,0.000000597211394272707,0.344872470317486,0.000560165215628436,0.0426038248218792,-8.756422950012,0.0476768253887219,0.000000413462331854414,0.352763064829105,0.000568071749336597,0.043095519346247
"9",-8.62344929545695,0.0460722676661143,0.00000067956096908741,0.338402956491972,0.000549595968587418,0.043751691195343,-9.0191155180553,0.049608582030508,0.000000372086848026292,0.338399868044887,0.000513884725579922,0.0510348810347871,-8.52094695575925,0.0437273034949021,0.000000386450162734551,0.338602157151246,0.000505294604261402,0.0449696875170896,-8.98968527324421,0.0488129996618884,0.000000842938660357076,0.354817998903505,0.000502570523793035,0.0453092464623311
"10",-8.52527063127141,0.0471876060997689,0.000000367080461250068,0.336353966893161,0.00058310750373471,0.0424071543499101,-9.13516837117763,0.0534694792262039,0.000000407237727985585,0.333110727311931,0.000547988777630395,0.0513364179244635,-8.6600051246196,0.0471178221071042,0.000000382554093008001,0.334246107831341,0.000538394997023186,0.0461477952383053,-8.61296457906399,0.0481376002585936,0.000000353444229992387,0.337379119515042,0.000636035167400244,0.0433743414638401
"11",-8.61860600714956,0.0466443969212846,0.000000625816097238072,0.345536194027397,0.000578224558281748,0.041454561764114,-9.05090360998719,0.0518396247145123,0.000000415410934073962,0.337411903061553,0.000564493608622931,0.0493509562504334,-8.60345062836431,0.0463729393774885,0.000000475813499660046,0.339331428156999,0.000564929451242679,0.0434236502477378,-8.86028634935989,0.048485292080644,0.000000743083476874678,0.352562154906994,0.000623477372227725,0.0430886116146962
"12",-8.62543769057246,0.0463746091937794,0.000000804479727230705,0.345943778207402,0.000560799308319851,0.0412078160570831,-9.18630442345171,0.0521980607810501,0.000000757475180825636,0.351419202048033,0.000574573372452362,0.047540660143384,-8.76227654697523,0.0465088304161637,0.000000751959022044609,0.352193296404308,0.000569087481709201,0.0429066635094472,-8.7231790944467,0.0470048121481243,0.00000106770247101476,0.345335957353453,0.000532325812425171,0.0420130641588245
"13",-8.48075879770709,0.0463185766268831,0.000000664145612254403,0.336425961740024,0.000578921852962571,0.0407383918137625,-8.81513248273686,0.0515389823888425,0.000000499842716991604,0.330927765360818,0.000534591531335221,0.0454697631128436,-8.33632492245563,0.0454954873644143,0.000000526661752168991,0.333788388743382,0.000526500410223912,0.0392745713715357,-8.49342410684817,0.0452851921712934,0.000000795498541457783,0.342989683947653,0.000595882328160965,0.0403613594361704
"14",-8.64586409174474,0.0481547826312986,0.000000659335809724217,0.344181405818845,0.000572998993849425,0.0411733550233953,-9.20798338734028,0.0547060550831405,0.000000550539797082202,0.342795772814563,0.000533867609586752,0.0490530953490491,-8.76919017927797,0.0492736509941158,0.000000632811270073799,0.34606081659803,0.000516632530692455,0.0428723231647538,-8.57340439926137,0.0483715594334706,0.000000529982890359733,0.338037328816562,0.000615348773047613,0.0417194158970604
"15",-8.46411564022739,0.0466578432783271,0.000000527069370267492,0.337303227070869,0.000600603382759219,0.0406003994915677,-9.09742642222485,0.0538398747333376,0.000000511713640873555,0.333967901319028,0.000621094020440632,0.0496217329796869,-8.64006617763795,0.0480123435418364,0.000000577495098079538,0.335438054276521,0.000613307619672604,0.0438412682893062,-8.56112924386164,0.0475656707102733,0.000000496665020977043,0.332584048951768,0.000596585359376345,0.0432273219384639
"16",-8.58951838853209,0.0460400272175602,0.000000635396003660912,0.344455926426621,0.000542264343594412,0.0417672118363669,-9.09701848207045,0.0544474627243695,0.000000785472844425064,0.343347224737788,0.000607760819825311,0.0452973134377219,-8.6112953284207,0.048671748483552,0.000000828414946976209,0.344574775149273,0.000589978420741426,0.0390148688801805,-8.77593827347999,0.0461983101297832,0.000000693509258498375,0.358215718519888,0.000589270835929694,0.0421295299952094
"17",-8.38789778219123,0.0457056612980651,0.00000050612643384582,0.331956279246103,0.000572223509010592,0.0410094046706476,-8.70285423565744,0.0521440376952801,0.000000489754265399146,0.326091196173642,0.000542883127708523,0.043677429019012,-8.20913365280702,0.045700763923031,0.000000510734388669517,0.325827679679834,0.000538226106477515,0.0383278975312663,-8.49510374349982,0.0457576515104871,0.000000554076630010537,0.344210578519481,0.000573525307829254,0.0400549462133891
"18",-8.58766357334441,0.0476286647954396,0.000000826341708575191,0.333926069492174,0.000575452730605679,0.0420404831894684,-8.90656244121084,0.0525213817881511,0.00000082330962355537,0.330737764600281,0.000597490733820144,0.0453084510274063,-8.42814137888208,0.0461606151307849,0.000000887516774559897,0.331846233507944,0.000590594017432091,0.0397230664489602,-8.68736481757172,0.0457181938783886,0.000000955457593997266,0.350642432566203,0.00059370989361483,0.0417165444856788
"19",-8.57735669858898,0.0482457630985017,0.000000607780985435911,0.336148459879691,0.000596646569779338,0.0414199940440507,-9.0524854932242,0.0536678844948347,0.000000401922319992191,0.340787415075663,0.000622916691340929,0.0470298849025886,-8.72264459572208,0.0484080054415825,0.000000437446214804643,0.348332544215672,0.000617559637456153,0.042343844483953,-8.68235416244417,0.0483358765687807,0.000000652601441223637,0.343468049773878,0.000581507263407043,0.0416751304311859
"20",-8.57328808870998,0.047032802690978,0.000000487014206760343,0.337608564928579,0.000554617030731381,0.0426622828435077,-8.90192364482087,0.0519760159348222,0.000000356843980505937,0.329618542252402,0.000594589712113629,0.047673674929339,-8.42151195807408,0.0462606138282692,0.000000446634528527647,0.328101544425131,0.000589129212915187,0.0419621883298921,-8.78476971962261,0.0474663592200727,0.000000477398767035923,0.342914917554637,0.000513305455913327,0.0457633057423907
"21",-8.54976564282052,0.0473794119397513,0.000000520524688208885,0.334020619024974,0.000568170513364592,0.0426408756795021,-9.12427355272004,0.0533968451954482,0.000000677469997435346,0.332382522850751,0.000599855519233694,0.05001096225422,-8.682262547478,0.0474880770734235,0.000000713294421819686,0.335741915474578,0.000592197761186526,0.0443977874591273,-8.66740863554464,0.0469432377850069,0.000000469733916548621,0.346440439726806,0.000558141497366656,0.0427363018274535
"22",-8.529610841645,0.0469562416318597,0.000000610694967046924,0.340192271775434,0.000547844204702389,0.0405216070441863,-8.99941742086311,0.0533414470543154,0.000000489138378869398,0.336702548969815,0.000596549663765982,0.0466874201695787,-8.59142970204956,0.0478247134443532,0.000000537152846898973,0.33877805236982,0.000592774429318268,0.0417296417280956,-8.63881423152293,0.048717359259686,0.00000047621512700846,0.337789030127798,0.000556049783081825,0.0422714462962379
"23",-8.51098097918505,0.0477005075590703,0.000000758541491858038,0.332776224804562,0.000607201663424995,0.040789992406772,-8.86342948148592,0.0535123577923249,0.000000489389774185198,0.328305923060777,0.000599984113279045,0.0456997987992083,-8.39735166375518,0.0477227162005786,0.000000581255040491063,0.329433304228492,0.000593017574264553,0.0396948389366404,-8.63665177494908,0.0479651166786382,0.000000902017307460112,0.343793075293166,0.000614153039919753,0.0405462734037391
"24",-8.78582632911262,0.048993096923004,0.000000700739320630034,0.347138795399944,0.00056496546789035,0.042374946816273,-9.12938917977999,0.0537063073827649,0.00000061427532672654,0.340485192478069,0.000542447871468318,0.0478440856330018,-8.68713312160529,0.0481611073468809,0.000000648967033371479,0.343247359019828,0.000539691649716975,0.0420195026466231,-8.80833846183456,0.0488538825093773,0.000000647884700532243,0.345839330973625,0.000562221061755792,0.0434810130935015
"25",-8.61891129111815,0.0468399942537522,0.00000066898720908456,0.340332973039325,0.000578699669934452,0.0425418846385296,-9.14402694399227,0.0532653094683545,0.000000715631065393998,0.345553720951767,0.000590731681032476,0.0470753721813047,-8.70443683746486,0.0469488361460283,0.000000768120174219469,0.347191934543231,0.000579348142265078,0.0422532181859717,-8.78996559410308,0.0479528931719212,0.000000732781904582345,0.341433044117897,0.000599946475395688,0.0451577175555007
"26",-8.60959449895688,0.0466742212851741,0.000000678330222995213,0.343884935634919,0.000606044471571444,0.0412895087943164,-9.03690802787414,0.051072928179375,0.000000532140685828507,0.34342117100135,0.000540535867316942,0.0478916894249327,-8.51473235417007,0.0451812668036714,0.000000545055796208021,0.342175669320748,0.000531560517080921,0.0416172124097399,-8.73956219327195,0.0482143862804838,0.000000781130361401508,0.345478631703862,0.000673940309193151,0.0413017508507245
"27",-8.51941144469559,0.0473811281999538,0.000000671199273689897,0.334255820929097,0.00056074805978809,0.0412542977118031,-9.06541635302503,0.0526147595233191,0.000000639518852540116,0.337079672940693,0.000568376915228561,0.0485087560773251,-8.49803259644742,0.0461686330242496,0.000000707028414166381,0.334684368970415,0.000570336751907852,0.0417705149781733,-8.4624302748457,0.0486260009673779,0.000000619336182719848,0.324342115297567,0.000596744011696035,0.0412326601268713
"28",-8.55537904004,0.0474884087118558,0.000000568278024457364,0.336151966235894,0.000600842411991643,0.0419013669351842,-9.08109453913987,0.0533516142022184,0.000000703425630465408,0.344111843241006,0.000599446200445648,0.0458040038521442,-8.58665306457778,0.0472974575841286,0.000000716496577706886,0.343626698946544,0.000599504357131177,0.04015232754944,-8.67768625212589,0.0488350855288882,0.000000433835652171698,0.341829536960453,0.00063540282521289,0.0424733144795638
"29",-8.61338512466642,0.047785947137693,0.000000629893874736556,0.343011677384643,0.000583237243613526,0.0408368846247657,-9.0514242921607,0.0534514916784762,0.000000713898097103153,0.340444834822531,0.000610692508836836,0.0457508197566718,-8.62259156397524,0.0473082303974029,0.000000826188424358833,0.345016219430271,0.000607609067155325,0.0400122222662133,-8.65140614982823,0.0499031299965299,0.000000549254139772738,0.341542748549352,0.000616451276512641,0.0405727341714378
"30",-8.48697396543531,0.0474700093246945,0.000000497787653146516,0.330944557626009,0.000540189623920173,0.0420174201696883,-9.07155195179754,0.0557381963111381,0.000000508223089499898,0.331404689583194,0.00057436095255442,0.0476768003477311,-8.62510996369619,0.0500636617137406,0.000000522337925725054,0.334719303719391,0.000564672298945205,0.0418585553836277,-8.51614030890524,0.0461197708552224,0.000000471466749313876,0.345277968159555,0.000513863545040723,0.0405496796504731
"31",-8.6661018816804,0.0473520297359231,0.000000756445224510808,0.343608728284027,0.000582053412988959,0.0420845198709877,-9.21732926545003,0.0529870180611007,0.000000891849366438941,0.34338653318903,0.000570705576524271,0.0489108690386617,-8.7197405241311,0.0467015374940341,0.000000881206973052653,0.344559253860223,0.000570891339934023,0.0430848062539518,-8.61811081138074,0.0466605480484231,0.000000552071979063407,0.346824073983645,0.000623175419066547,0.0419988163791118
"32",-8.62329517878977,0.0475927339966347,0.000000619385646598978,0.344232496141851,0.000611113042898847,0.0410164726661173,-9.07688383832665,0.0527879753233536,0.00000061249247382776,0.333921983302706,0.000616434382012957,0.0492053411735591,-8.57813875778968,0.0467233206811666,0.000000669940515250386,0.33394991298544,0.000594778083278182,0.0431908317121098,-8.7989540576736,0.0485053301899643,0.000000518105384768859,0.360462158587538,0.000636886048582259,0.0406818329628005
"33",-8.52305149872226,0.0467912973328515,0.000000630352354851636,0.338793074273293,0.000515847759599371,0.0411275824504936,-8.94086033433414,0.0517557577784383,0.000000613668385986732,0.345182098606507,0.000490150947270489,0.0448511941736023,-8.37111781616194,0.0450923941453044,0.000000619885224562567,0.344955643450012,0.000496433279030377,0.037929050217132,-8.58986703735172,0.0480431010612335,0.000000434484735502634,0.347144022680732,0.000538778778003046,0.0400862818697281
"34",-8.48256705824561,0.0465724236704152,0.000000558698026482866,0.336667636349893,0.000575926066727348,0.04114556680421,-9.03167164793282,0.0537244735091306,0.000000262508438199454,0.329621497099778,0.000576369015216,0.0503925741807478,-8.56317150279528,0.0479260811666207,0.000000319740007289547,0.329602035601074,0.000572213624935678,0.0447372223632361,-8.53388439309589,0.0469858813435118,0.000000527927265664016,0.338046101465275,0.00058895749449428,0.0422406958326835
"35",-8.51872841754215,0.0471085286119572,0.000000607818538369536,0.338626873283539,0.000566413233682672,0.0407097869092266,-8.98615463825153,0.0539038518225973,0.000000531033693945939,0.336728001713885,0.000624642167317956,0.0457174384918513,-8.5213659357802,0.0479268941648678,0.000000511680131102377,0.340475563699782,0.000631618607424472,0.0397252689216325,-8.67157514522844,0.0464507185983508,0.000000592171704421193,0.351880788307316,0.000608979031906432,0.0414365077214064
"36",-8.56775954119132,0.0464098274285266,0.000000494603268577141,0.337292719819629,0.00054275857545995,0.0433691843497449,-9.32502151220596,0.0545890390291202,0.000000458562471945194,0.340221603857789,0.000532557800744824,0.0531190996469146,-8.81617082592354,0.0479011652373124,0.000000556222011768168,0.342599212332528,0.000517922777639326,0.0466436108226532,-8.90150698002052,0.0488442143261018,0.000000614319528542091,0.346090375927271,0.000570562199279867,0.0459054770022395
"37",-8.45817728515962,0.0460707745656799,0.000000422798566602588,0.34118033599277,0.000520801454781103,0.0403899498585599,-9.06766835277714,0.05182818979082,0.000000378863804109744,0.343101408393344,0.000534390536488324,0.048579282223416,-8.63378349584571,0.0457101639525423,0.000000381189174146319,0.346316353632926,0.000528076578257307,0.0435084971594193,-8.54042600995657,0.0482787130363966,0.000000303125832924822,0.341323650819932,0.000525022879905248,0.0408838350208981
"38",-8.44498912559903,0.047051098076423,0.000000452568155592245,0.32933577556406,0.000535386352849787,0.0422095357062605,-8.94436567515451,0.0533792390197264,0.000000419443638456388,0.333293475116045,0.000544748327940235,0.0469607132844676,-8.48332308459082,0.0475768243197574,0.000000494197770512049,0.336186252293787,0.00053550465688673,0.0407512131834968,-8.46338561078425,0.0473351699004653,0.00000057598021217764,0.334608855697318,0.00057911579420008,0.0410395992808246
"39",-8.52767746810642,0.0453561406692969,0.00000073956640978014,0.342476175362788,0.000545209920120735,0.0410621722687531,-9.09559867853395,0.0527321884236867,0.000000699403717830757,0.348622978630511,0.000605005254848011,0.0459081750181829,-8.64703464729806,0.0468968267268533,0.000000746069458177683,0.350100384424126,0.000611106619230042,0.0404455399558412,-8.45645690578598,0.044600547346941,0.000000737297222763142,0.337276169652047,0.000607978748220364,0.0415191212131397
"40",-8.59352879119083,0.0475572918306328,0.000000795262719285762,0.340371135170637,0.000593275210106628,0.0407324173416791,-8.94723736019662,0.0541051528461122,0.000000756649247922351,0.336500645931872,0.000539828234913931,0.0437894130891737,-8.51448129721529,0.0486311579253871,0.000000820451346148057,0.337094010282021,0.000535957610646986,0.0385044101990608,-8.5690253757055,0.0486191360772758,0.000000745276060964507,0.33595315425566,0.000591977024302892,0.0406870614694147
"41",-8.63871950316307,0.0478426047970722,0.000000512599558583472,0.339967329609452,0.000569102263384677,0.042939156609236,-9.07980716755241,0.0541540054537337,0.000000508217005008105,0.334230977550635,0.000612046686222839,0.0486193933288347,-8.64148735932762,0.048869675822566,0.000000545839596519379,0.339605933976318,0.000590588384647209,0.0419832429966032,-8.78533309802783,0.0482521721811533,0.000000614675511507758,0.344784142422663,0.000559368233330744,0.0440914360029741
"42",-8.66305396069952,0.0479189727138789,0.000000514358131189326,0.347129418258196,0.000593914590794837,0.041329305547153,-9.3677074976873,0.0539342259221011,0.000000561104168510055,0.365420946027468,0.00060107341792385,0.0474221612357092,-8.91446397136584,0.0477557843752462,0.00000055791215923759,0.368610655908583,0.00058313129678119,0.0420544240391562,-8.63014449407494,0.04782107576573,0.000000406470901524838,0.347640118081295,0.00060933646662119,0.0408931747986769
"43",-8.4358400333717,0.0465679556572047,0.000000400968129347008,0.332118250203301,0.000631338696924406,0.0417656232653043,-8.94724675731658,0.0529534509819843,0.000000544934127980188,0.322077860827932,0.000615313246607139,0.0495122167066459,-8.51175861061396,0.0472734937444717,0.000000692192055284578,0.323149986066558,0.000594680355468504,0.0439387894423921,-8.56637874416275,0.0480002966056496,0.000000318268623500091,0.336671472330784,0.000668161528812452,0.0428009408931514
"44",-8.42309303342211,0.0458747903419911,0.000000358080776219319,0.342864145837495,0.000565895245142476,0.0395912269543176,-8.86292721600149,0.0516633582628616,0.00000013414463930166,0.342964377419452,0.000558406413876581,0.0452087955369024,-8.38540845491587,0.0460882807935577,0.000000137981653850859,0.344389048199325,0.000543489585595015,0.0390786224955989,-8.64453626193608,0.0485530715611727,0.000000244151317862378,0.351620348108224,0.000601236914001983,0.0400380184094328
"45",-8.65300122479979,0.0469581146251657,0.000000562579762050422,0.341314969128264,0.000574670757157869,0.0434350986406626,-9.21779234533667,0.0541089426903325,0.000000432801016065407,0.343886542174779,0.000593986273637383,0.04954149515674,-8.75391320703786,0.0482131539517625,0.00000046465443473039,0.346032847759326,0.000590646051260335,0.0437204912213675,-8.7307250994947,0.0470576878457744,0.000000901500971299678,0.339997368299842,0.00063126222620792,0.043702512167317
"46",-8.40124953653332,0.045614013686458,0.000000786285714585099,0.333961641396667,0.000584642716060017,0.0398789852432594,-9.10171614054222,0.0516518192373415,0.000000683583067170396,0.337109371590226,0.000613853890221734,0.050337426330715,-8.5869809213702,0.0454160368007682,0.000000753343447073402,0.338488812111615,0.000627205822537371,0.0435917257046793,-8.57379692140546,0.0453977007185491,0.000000723618018693631,0.344044005634198,0.000614490397187589,0.0418569120883772
"47",-8.57869464677814,0.0466744184321349,0.00000053317441707007,0.339907691558198,0.000543818809548763,0.0424050873138523,-8.97929067319322,0.0530460185905667,0.000000490267024493588,0.329251065398645,0.000549358066646541,0.0485397885876311,-8.48501569486008,0.0473746221064359,0.000000580155808957956,0.329628379441855,0.000551798881398682,0.0419111052241563,-8.58196869198606,0.0455846870383944,0.000000662686493883359,0.343300627828917,0.000538291241081161,0.0420192185803561
"48",-8.68296319683602,0.0474253428223451,0.000000665913030467305,0.342856259098419,0.000563575006290211,0.0426895256790605,-9.10309511968143,0.0538460607541213,0.00000043457546442062,0.332161521779065,0.000609539172608541,0.0498870965628126,-8.64742568829351,0.0477049556539985,0.000000557299022029492,0.334827481612048,0.000603487639998501,0.0439723705589329,-8.70500284950048,0.0455618947249335,0.000000869501097106705,0.347676273369809,0.000541324067139363,0.0429441151983136
"49",-8.52562559736717,0.0473010153015541,0.000000617553207621253,0.3332524200936,0.000546673815517364,0.0419542824125057,-8.92354419606477,0.0524514730166758,0.000000632325633565079,0.32338182956529,0.000519521406453008,0.0483540703162869,-8.50873955881805,0.046980922117381,0.000000627668352499569,0.326223033463116,0.000527722573160413,0.0432243909524444,-8.75563196992533,0.0496495670826642,0.00000075109114032467,0.344409901044569,0.000521330766517707,0.0416087361209507
"50",-8.53932675106917,0.0469158892551436,0.000000581278427048689,0.333992889903323,0.000571511604505534,0.0425259543974034,-9.05606120028797,0.0535343970405334,0.000000367966002312069,0.340166239827605,0.000547152703857028,0.0476730917798604,-8.57116046308497,0.0476699576197003,0.000000410195190131254,0.342001809303924,0.000540353187910782,0.0413548738919523,-8.56961113981245,0.0463648244335693,0.000000456687255856727,0.341906742085739,0.000594137290456496,0.0426278988898738
"51",-8.64033908263164,0.0477359827143588,0.000000779521451482993,0.343557430692819,0.000581796922239838,0.0407259426814651,-9.04258543666139,0.0527556639089283,0.000000778653367929026,0.33151585771309,0.00053154959329656,0.0482550050416591,-8.60105849273772,0.0472173598997947,0.000000853290968056506,0.332668635704941,0.00052713069196275,0.0426451313735847,-8.65726328079156,0.0460127374908347,0.000000686599823882665,0.350416349051936,0.000631655741234247,0.0415225385168968
"52",-8.43260568435158,0.0474677346232268,0.000000448668038986982,0.333666304545216,0.000544989819189734,0.0402548092405208,-8.92990865303663,0.0527667714955429,0.000000589568434111392,0.331202678155136,0.000527389967016589,0.046717056231125,-8.48161381474425,0.0468525272038804,0.000000701841742812093,0.332870526145232,0.000530329982891811,0.0410224237534554,-8.64260827503385,0.0485043470863791,0.000000581261773043038,0.344879937630448,0.000539833207890997,0.0406175844308115
"53",-8.71049168595493,0.0474784435612404,0.000000793915559387822,0.348769972058917,0.000576116093744327,0.0413508010508923,-9.21520164879131,0.0538533634324961,0.000000629864574248243,0.344280994104359,0.000525171394090883,0.0489210948148391,-8.76804861848899,0.0479907453261582,0.000000636251971175317,0.347548277053644,0.000519464781043345,0.0432484000365736,-8.93079145806313,0.048322501096854,0.000000661428041660103,0.361448734272827,0.000512525863530794,0.0437952665891293
"54",-8.75179114382154,0.0471605841485318,0.000000780843647190424,0.351648489890155,0.000561135185399355,0.0418882820993623,-9.26720292935877,0.0546551738766774,0.000000855564654899532,0.342801904083239,0.000616933628826931,0.0484906937902388,-8.8285551037157,0.0491541418185714,0.000000896608570563677,0.345209625524215,0.000607792470056275,0.0427662544541775,-9.05192974923206,0.0490152531483939,0.00000106748153562484,0.366004718831075,0.000618000732002763,0.0417578010778198
"55",-8.56456966408623,0.0459497938626979,0.000000601960832472569,0.341847703772816,0.000524132801984626,0.0421551902733308,-8.99656966489568,0.0515764460016272,0.00000065642271102002,0.340546346964919,0.000547197997095197,0.046848281761516,-8.48793848256784,0.0457956834744893,0.000000680818862979717,0.341106425579202,0.000551673159328384,0.0402832244044438,-8.65122541267185,0.0466410213607749,0.000000689391033092189,0.344285812115608,0.000554303623703841,0.0424171040393527
"56",-8.46490623698799,0.0477791464216332,0.000000706380989887988,0.32592896245017,0.000539406537480451,0.0415815684473482,-8.96569681058227,0.0533589099829242,0.000000760903418158885,0.33034981575887,0.000606062051144259,0.0464508580668494,-8.54635516424841,0.048063285769304,0.00000081864589227596,0.336008718860908,0.00061316980407872,0.0400928022585195,-8.65356942579563,0.0486993717698936,0.00000083350711397002,0.333137588705046,0.000565035929743849,0.0427841817598868
"57",-8.4073347130548,0.0476678793502579,0.000000566867937605381,0.325605141251123,0.000572348471364197,0.0410982657244625,-8.77351651657986,0.0540659026086451,0.000000409527343103772,0.319341468789268,0.000604317475059302,0.0454174072948436,-8.24363663906412,0.0476788486269222,0.00000039490842092888,0.320650503093144,0.000606749571712478,0.0389112028253674,-8.55910319290807,0.048485402892196,0.000000488249376337997,0.338981235278442,0.000566361641455154,0.0414151978157736
"58",-8.6392919416621,0.0470015604255377,0.000000857000439347655,0.34017826534723,0.000597524581272722,0.0418703931903179,-9.01480042523316,0.0527294722018169,0.000000752974639314312,0.335236938000274,0.000612294564404057,0.0466077877872155,-8.50220249942545,0.0464679921932298,0.000000815334477928012,0.332709199068182,0.000601065420076769,0.0410622564260582,-8.70063534972615,0.0466745518047378,0.000000701268760788904,0.348609634073978,0.000564513829609699,0.0420025666324488
"59",-8.71561288476622,0.0487950678736295,0.000000608149422115289,0.352083307837987,0.000544456418135186,0.040276072651807,-9.45473476408074,0.0553767474979393,0.000000672691781173552,0.36289971675122,0.000491620806941108,0.0486949158597301,-9.03772777519921,0.0496947137339338,0.000000717455748132122,0.367232589943069,0.0004585351544178,0.0432223142090554,-8.7219755800894,0.0462703977514625,0.000000770989980709382,0.360233963450766,0.000504739571989599,0.0404438164996604
"60",-8.5882893896415,0.0464219076039267,0.00000057152175592038,0.342607849353734,0.000564015010321245,0.0422215015400633,-9.00517820258584,0.0501168134054367,0.000000336936240601723,0.342282739307105,0.000551836622745179,0.04950776012786,-8.50308259636715,0.0440004486818175,0.000000401282041455941,0.343372851954842,0.000537190921323738,0.0431141469714241,-8.72670410594241,0.0466569465783212,0.000000757563569799514,0.34848891869209,0.000516675388079041,0.0430301584111249
"61",-8.56842293479768,0.0471007526862838,0.000000629151600495655,0.343453048722793,0.000579878887666258,0.0403503283364431,-9.16812319522956,0.0531698152514843,0.000000613570580702366,0.347602579676941,0.000573733769944711,0.0477083031104952,-8.75513615609715,0.0473962030456891,0.000000646225563474935,0.351853320693713,0.000565405659843417,0.0424311149481528,-8.80525297703069,0.047772478811975,0.00000074431497298419,0.358257775171858,0.000596676405105513,0.04106995441773
"62",-8.59354775709261,0.0476525719768948,0.000000611416526749579,0.344837723135099,0.000615639485025149,0.0401772610361951,-9.12462177858004,0.0542287079699864,0.000000828207239138667,0.344862547891235,0.000632809175846069,0.0454291747420471,-8.72799313146176,0.0485351395883915,0.00000091095680791378,0.350427166130245,0.000613262453563877,0.0398918279391672,-8.73720135438943,0.0497265087989224,0.000000677188542328572,0.344951230936064,0.000631092751608305,0.0412001005283706
"63",-8.55001002379418,0.0467944237556514,0.000000710355782116118,0.338445321254816,0.000560581926510071,0.041080340392467,-9.24792739553378,0.0536858723935152,0.00000074057607304135,0.337081724521744,0.000550708979405034,0.0511260512587932,-8.81404702185461,0.0484079550191576,0.000000810308962025444,0.340325164734194,0.000555760512175355,0.0449065845133872,-8.63113111129919,0.0470479951142532,0.000000567974873230343,0.345100602418916,0.000540982720882263,0.0416167470721906
"64",-8.49748629836412,0.0467365104099705,0.000000658014576444477,0.332073619599015,0.000576797373177288,0.0419211566314358,-9.0696247329902,0.0539099629188282,0.000000885369891933387,0.328152112479014,0.000626689495963633,0.0483239847731707,-8.52799789370684,0.047763911822214,0.000000981440037021097,0.32574441681128,0.000612415068525779,0.0417775773070302,-8.63375999486981,0.0482155411728009,0.000000673542830307864,0.336538256886868,0.000604830140625604,0.0422002445440771
"65",-8.48922356357886,0.0465808844361353,0.000000527110633249269,0.341074692500253,0.000580584682370046,0.0402845422457049,-9.06222965103594,0.0525122032885823,0.00000064187331512993,0.344244259747467,0.000602851615740409,0.0466868530624703,-8.64003536426697,0.0475310130984188,0.000000692096405097178,0.345547860362417,0.000580978732629789,0.0411129434582543,-8.74182199388552,0.0477565462983303,0.000000663284391211243,0.347590373543776,0.00057223219642548,0.0425244388085513
"66",-8.48204330914146,0.0456383301456458,0.000000575971133950599,0.339835307596849,0.000547834531451338,0.0407786050123263,-9.15197273659887,0.0521370835670269,0.000000472680958780554,0.341012037878161,0.00054292214575736,0.0504172754771081,-8.66845224657628,0.0460750107146562,0.00000054337307359282,0.344266897190704,0.000520042014773895,0.0438777206275067,-8.58284021348094,0.0466563697539118,0.000000517761549797335,0.354033867216513,0.000512246412998935,0.0393409737380112
"67",-8.60131965133233,0.0476038041203375,0.000000703312654543202,0.34449231737553,0.00057395386819902,0.040177943864724,-9.15586294270657,0.0558240008348215,0.000000712716429437744,0.347434939012925,0.00061419758523612,0.0446041874961696,-8.76259019832269,0.0504697270410784,0.00000076301380412819,0.349406041371075,0.000607960230245895,0.0398280750398573,-8.77052976782853,0.0487535287224765,0.000000737846632878234,0.358552979993891,0.000581232654995965,0.0397269371633252
"68",-8.51513350417578,0.0465977928363099,0.000000575503975825255,0.340363071301014,0.000566997125220716,0.0409707492633533,-8.96495915517985,0.0530009822491291,0.000000563484481995053,0.334328876953747,0.000545214795192989,0.0468060299805193,-8.52162562694604,0.0471298622993135,0.000000622290922072339,0.337774677906851,0.000542070979172556,0.0409631865677905,-8.52876907931573,0.0471539330207701,0.000000674401234569063,0.342908075803584,0.00058621274592873,0.0400076341143353
"69",-8.56135670857492,0.0468302084607941,0.000000606363953804092,0.339157621870274,0.000586421392814174,0.0417100825937016,-8.99417921599037,0.0534991362295387,0.000000502113571317792,0.338409299793455,0.000622484443093463,0.0460298176042978,-8.45490033673809,0.0470538213728855,0.000000487432483932905,0.339479006352209,0.000608589384577607,0.039478273562208,-8.73843043057307,0.0477731553336106,0.000000810659641289554,0.347239882720859,0.000595504322587859,0.0421675531331369
"70",-8.50715567497864,0.0461439348535153,0.000000707136719280376,0.33547047022772,0.000609970248999871,0.0416417744517723,-8.91096855787167,0.0518695670158466,0.000000515236794963385,0.3261906372871,0.00057665850884468,0.0486940574751008,-8.42258749597446,0.0458845382025663,0.000000546370716827809,0.327649052260734,0.000580757204122378,0.0424946052186359,-8.50697589344604,0.047328727461116,0.000000665863875588334,0.335984412913302,0.000595965541596973,0.0407205463766544
"71",-8.58645937112053,0.0468491548531997,0.000000529425918073807,0.345039897834201,0.000595022960128142,0.0409640057625263,-8.95844420389871,0.0504336528661224,0.000000580868594615409,0.339515619386407,0.000598390284741751,0.0470435998341157,-8.45815878317225,0.0442711196157636,0.000000617162543530182,0.342335465678768,0.000578751423140678,0.0404817238270959,-8.63486945902284,0.0472631283889781,0.000000413811274811397,0.355177349176612,0.000613952977196192,0.0396538544877398
"72",-8.50971893193876,0.0464950177518112,0.000000613589890623522,0.336259490239392,0.000538081558228459,0.041683257325996,-8.85319166053781,0.051359441355984,0.000000490205749802415,0.337696096640912,0.000480855158989221,0.0454131086787958,-8.39792959736434,0.0458137086719123,0.000000579335192578347,0.338623476138257,0.000466340730036176,0.039507456689207,-8.71533788472378,0.0475881670901979,0.00000067044740871709,0.348056812342359,0.000560175575246033,0.0423672561351471
"73",-8.47365728716734,0.0460478408691388,0.000000531666450776366,0.332136654736977,0.000582475229630954,0.0426697244992991,-9.29266070496175,0.0540429379058335,0.000000591561217267116,0.341427366002661,0.000606398747200074,0.0518394719778163,-8.77163752960347,0.0479029023049887,0.000000559869350065493,0.340455266103541,0.000606147601689016,0.0459516955873674,-8.47009108177692,0.046799250805008,0.000000305886707436828,0.336619482390231,0.000560578448243177,0.041690399877855
"74",-8.73292477991357,0.0468323488112964,0.000000519226796784858,0.351559902083737,0.000575854956094295,0.0430557057870649,-9.14717172498122,0.0535301384812106,0.000000449138240218876,0.344068598898977,0.000596004524126138,0.0482230159503977,-8.63194380973149,0.0473736057631907,0.000000418661460507979,0.34603813743259,0.000597480539840853,0.0417862809690346,-8.95628072399079,0.0469760519491374,0.000000690377130689769,0.358590295411455,0.0006381766041489,0.0451763367669156
"75",-8.53204738772167,0.0465540224917297,0.000000424467512414933,0.34101828511757,0.000559481498457209,0.0416243468112116,-8.82523386259449,0.0511343888623332,0.000000386696411258949,0.333585034899904,0.000535411558367919,0.0458581216031549,-8.3797020630046,0.0455825166291329,0.000000472893508462871,0.335562971614527,0.000529830587552482,0.0399256775888496,-8.57701181450536,0.047060077652247,0.000000347590239506095,0.342394831321211,0.000571946098322962,0.041895010246843
"76",-8.42503786969704,0.0455100538876039,0.000000686952251322168,0.331887963965248,0.000550091097256433,0.0415255899225973,-8.84311989913379,0.0500253841668213,0.000000562707162173902,0.336080020287279,0.000552605686576038,0.046408104221091,-8.36611947662513,0.0441931253566663,0.000000551422285593597,0.338796078872931,0.000561516897933723,0.0402446888288757,-8.80417294957372,0.0461997637381093,0.000000891962491988237,0.354073486481615,0.000607929827891737,0.0430464674425019
"77",-8.41314492295967,0.0469441803751138,0.000000549461119849571,0.328664897115828,0.000555178629105089,0.0412436302501153,-8.8975647081456,0.052700366177884,0.00000063667124487376,0.322624975458964,0.000580716025640888,0.0479696070356249,-8.45705280305956,0.0470473518149028,0.00000071085866847654,0.324854885620904,0.000559950417546711,0.0422830483434067,-8.62491882920372,0.0488379244493799,0.00000103798443769737,0.328791233289006,0.000546294278789383,0.0423789804549261
"78",-8.48897336121348,0.0479512518857077,0.000000416936493770138,0.336705682247135,0.000618960589707881,0.0406238405180234,-8.91310089359134,0.0541848694351134,0.000000327334257628282,0.336150918048496,0.00069313588189819,0.0449969714524365,-8.40511294820602,0.0477884071562103,0.000000375369643063225,0.337170434528004,0.000676911255003709,0.0388293076169708,-8.54990077205833,0.0502577929046557,0.00000015793716519643,0.340039167042616,0.000629707794234459,0.0400601834395065
"79",-8.31187628956432,0.0462144095102032,0.000000294326455491018,0.335413192865612,0.00055739130167606,0.0388095429441722,-8.75584832465327,0.0529168594260732,0.0000000729086567328233,0.333859581827498,0.00054920986494453,0.0441300083223738,-8.25719899930695,0.0463700456216635,0.000000144268766803255,0.333563167886057,0.000542927030601003,0.038543119977167,-8.29628688088976,0.0490144280356212,-0.000000251244766921973,0.33470750839077,0.000565127615629362,0.0383999691493369
"80",-8.5730549229687,0.0474152007552146,0.000000670342827341491,0.336786410536121,0.00052926851694449,0.0417575919400605,-8.93905254405021,0.0544112612154346,0.000000609714254703721,0.327075121267848,0.000547595182665278,0.0461034801843619,-8.45125450709675,0.0480055882858308,0.000000644848128951999,0.327675061916709,0.000543679465136156,0.0405867054203645,-8.94985718896855,0.0521554676608102,0.000000588190040891541,0.351917233887774,0.000493349417807907,0.0426794488713064
"81",-8.44318033225848,0.046314047493417,0.000000616708336033881,0.338624317053733,0.000553574654507237,0.0396959793065164,-8.9078937294902,0.0516870351914,0.000000439835323392237,0.340919785524166,0.000500384261778891,0.0456202899441295,-8.5072697033073,0.045829238023594,0.000000483526676774484,0.344979544950657,0.000501881722112844,0.0406559421119866,-8.42517365860781,0.0453702297563253,0.000000556528449801865,0.34366682533581,0.000493050129746042,0.0396770998461415
"82",-8.61919650811088,0.0476626822596784,0.000000509419548627663,0.347123150583943,0.000598878785045126,0.0406820529473432,-8.93547504817746,0.0516956629657363,0.000000615309037210177,0.341560674084632,0.000635257567808352,0.0448752635870014,-8.42788786559204,0.0448625156598345,0.000000611159088297477,0.344091921017571,0.000650119480700363,0.0389485430973997,-8.91219448429967,0.050578794257635,0.000000667693206712283,0.356613192936207,0.000532670453351841,0.0413105087036442
"83",-8.58584808503938,0.0478690681142502,0.000000622858014888359,0.343430728799848,0.000545243810250414,0.0404309087934989,-8.94650592075861,0.0539405966826333,0.000000456267202797736,0.334587730922063,0.000543063034585801,0.0459351537604988,-8.44697646045893,0.047603505455394,0.000000412657319680222,0.336079758947786,0.000541272465327335,0.0401446936718333,-8.8626642525317,0.0508701847403443,0.000000735854783475466,0.345798162096746,0.000432964309803769,0.0431468556182603
"84",-8.65969402720757,0.047602667620807,0.000000639251998369787,0.344240012281642,0.000568523107764565,0.0419381838563154,-9.05510838029907,0.0521305232296172,0.000000554761327425344,0.334685290888881,0.00052695508980054,0.049676660950944,-8.50983062855124,0.0455298162824605,0.000000546862302527407,0.33537296165587,0.000509779936390712,0.043206354821505,-8.81646191664975,0.0482878152688138,0.000000747950057802164,0.354502586505373,0.000542350461692615,0.0422393154806358
"85",-8.53304791047727,0.0480138981363824,0.000000475803347396571,0.346423351233993,0.000559365132986361,0.0389725158552209,-8.91837696867915,0.0538820914288689,0.000000376975726962391,0.341417598239931,0.000489321941170636,0.0440526465098431,-8.45811517780155,0.0478458020491335,0.000000413770135733479,0.341815764484008,0.000468612087536592,0.0388541266626767,-8.34088724667238,0.0498531188349817,0.000000494493138396876,0.327100075450555,0.000647504747149321,0.0376952350874352
"86",-8.5356578332527,0.0467047550608065,0.000000657494492740631,0.346104276474692,0.000580625358760705,0.0394460797657933,-9.12903038627349,0.0539881923046296,0.000000587319261500877,0.354837477176556,0.000588250562735601,0.0447766767092598,-8.60188435261817,0.0479213254173633,0.000000596452048397313,0.353844350216506,0.000584829936876838,0.0384872663564923,-8.72473010749494,0.0481687098315463,0.000000699361992102947,0.350455551814273,0.000579700693528475,0.0413445736999915
"87",-8.702056309109,0.0469617394348521,0.000000797804507328311,0.353052027917304,0.000535829535467194,0.0405415195338586,-9.09897994359077,0.0525495991924458,0.000000893496258461243,0.347643736772699,0.000523758784038081,0.0452326542362724,-8.70932531599053,0.0473647207751979,0.00000095472757985515,0.35201829678678,0.000504896352868329,0.0397934733596953,-8.7441943078145,0.0469920553969134,0.000000666797795631785,0.36174670917551,0.000550955982305416,0.0400820267500016
"88",-8.48908735063837,0.0468754432672576,0.000000670676669359241,0.337664214011185,0.000562083428417422,0.0402639540692312,-8.99213586324413,0.0548150443112675,0.000000581508378426483,0.333521162419478,0.000563345185729309,0.045817746113947,-8.49168688984843,0.0486026631696502,0.000000663378466662193,0.330912167668986,0.000548771358698712,0.0403946784973795,-8.68465140026368,0.0492937127868264,0.000000820122238119046,0.349172326590874,0.000570461787342106,0.0388064199170351
"89",-8.53009185186661,0.0471729197669508,0.000000262967653631587,0.337189742022552,0.000594463066593477,0.0425350171453327,-8.82274634330616,0.0505154376688572,0.000000210749700713934,0.324967894080319,0.000659694244944543,0.0491972990289349,-8.24710165580772,0.0441619661101054,0.000000268598284325394,0.325534319047414,0.000649277199320848,0.0415207129343132,-8.52480971466443,0.0508760283866585,0.000000418538143360673,0.326225283831942,0.000586514290319191,0.0409168557527255
"90",-8.38118363762831,0.0452661893106538,0.00000052384864397714,0.337191791986807,0.000577435398061754,0.0397704475718911,-8.84439489071772,0.0512210717047427,0.000000587471517802662,0.332692009808771,0.000613426208429994,0.0455559665385174,-8.42263705801817,0.0452816650086566,0.000000696314769721153,0.335016161199008,0.000621069299974564,0.0402850606214132,-8.61866308041689,0.0460129124423872,0.00000058894203163165,0.345466394949554,0.000569787735328475,0.0420428374422783
"91",-8.41855695787128,0.0463593724463677,0.000000601393768844157,0.337518588509279,0.000576451432358079,0.0395281066289768,-8.95531026232857,0.0514514610494279,0.00000064787897205724,0.334762395722564,0.000599909148846396,0.0476231329409199,-8.45681131018294,0.0449320649737237,0.000000699631799857583,0.335343772914057,0.00059406659954993,0.0418576667434239,-8.81721948086508,0.0504366774399633,0.000000672608130515553,0.344982118346438,0.000591019817694744,0.0428443324317797
"92",-8.57522107439386,0.0472869127692201,0.00000074635229260009,0.338599419115627,0.000537331440556789,0.041227363815765,-8.81721012239509,0.050583113302262,0.000000711480584626754,0.329333565061449,0.000570872490733111,0.0458249310744652,-8.36068193241929,0.0446003330568081,0.000000773036536238068,0.329840588351956,0.000559708375519247,0.0405378339592344,-8.92320384735411,0.0493962217725436,0.000000849811785912784,0.359453708375134,0.000570471368977464,0.041361974379206
"93",-8.71541715200811,0.0476533673892338,0.00000054914700287455,0.346164901180308,0.000606591007464998,0.0429662651712192,-9.29510927003578,0.0530895288526593,0.000000616319536729189,0.346399490259987,0.000644355200638855,0.0508797806486525,-8.80748251872922,0.0478195945089515,0.00000060213722291688,0.345843319339719,0.000638764622065128,0.0447670275384095,-8.91745479267503,0.0483785241474173,0.000000552874645222318,0.365715420263962,0.000646074523525594,0.0417576870195641
"94",-8.55645947850064,0.0463975701690408,0.000000636687173745872,0.334852459425277,0.000551980936963811,0.0432307592134244,-8.98811517709633,0.0513738118357482,0.000000550876642234189,0.330494540675379,0.0005658529973642,0.0501058844251287,-8.47478117932584,0.045051967163465,0.000000544026238504073,0.331474065806031,0.000565358216853975,0.0439361306721501,-8.87344046037806,0.0495629624998121,0.000000678792808709764,0.334702019291836,0.000536320228299931,0.0472653092499158
"95",-8.60329177124444,0.0476485197494313,0.000000628819537007458,0.343921083351023,0.000574764370398169,0.0404233502888152,-8.93557901866628,0.0537197403340989,0.000000376283589801732,0.346316113692491,0.00055685832483416,0.0429327753955877,-8.52352395017742,0.0479368210667478,0.000000427817726731077,0.349475277335629,0.000553264244349571,0.0378329750135883,-8.58349808971758,0.0487323601819684,0.00000068466477231482,0.338947251358398,0.000526319726308148,0.0401062508205268
"96",-8.6411543847496,0.0471281155818842,0.000000581848142506275,0.34316959462946,0.000601928153404294,0.0422731575369153,-9.18169990188739,0.0542870962226203,0.000000429649090097855,0.339777194193641,0.000601648710061435,0.0495083743160805,-8.6953210263341,0.0484923028348641,0.000000520920813399006,0.339306896658964,0.000582142705442506,0.0434980470979629,-8.76311813626198,0.0470979267180087,0.000000683483383136244,0.351172732544041,0.000617947002138299,0.0427623827350337
"97",-8.55680722632363,0.0464838294632812,0.000000691435637172139,0.341637417947072,0.000546535898289582,0.0410786610267029,-9.01634593290495,0.0520379950183083,0.000000558772640864023,0.337665572788557,0.000574102406476713,0.0480128535058408,-8.53918800234937,0.0460019680074214,0.000000558857670328951,0.336893054912524,0.000582758435993882,0.0428153485925684,-8.75062448385493,0.0482105332760296,0.00000072997167858739,0.347082598806298,0.000572919836167466,0.0428630137609041
"98",-8.38625640215928,0.0459955723002063,0.000000496545938487268,0.337869608348299,0.000585234394420734,0.0393896983000264,-8.88742919583353,0.0525749295502931,0.000000335925139953734,0.332809055454694,0.000579975037086343,0.0467197088931729,-8.44754330559114,0.0466388596435795,0.000000362329323077909,0.333756537741695,0.000569651916038461,0.0417909080468538,-8.41403172589402,0.0446975958520482,0.000000265080601786224,0.35070255362065,0.000640483236437028,0.0391703985020174
"99",-8.6319179091185,0.047885515311323,0.000000633136648040316,0.342235804820426,0.000561157207149077,0.0413711127193904,-9.13258445404295,0.0550654801343222,0.000000377455498015696,0.343804435788632,0.000577369683562305,0.046739245965127,-8.64160534681218,0.0487530080742272,0.000000382097379443226,0.345379328235533,0.000581020087416536,0.0409221163323073,-8.63400049919733,0.0473431782871383,0.000000355310863701901,0.346546610536485,0.000575165457018087,0.0426170751781177
"100",-8.64424842963606,0.0485876641733579,0.000000634402356048927,0.340035288715507,0.000617499067147907,0.041660835984601,-9.06706275723798,0.0568613440664069,0.000000587537073920387,0.334047072266952,0.000634948547175246,0.0453103487974883,-8.59904786493048,0.0510384734430669,0.0000006609896436883,0.335738556283122,0.000628689607366559,0.0392438661334842,-8.67070314517818,0.0480046639049058,0.000000794564140333961,0.34125708918553,0.000653642966933074,0.0415369464029707
