"","intercept_logit","age_logit","fnlwgt_logit","education_num_logit","capital_loss_logit","hours_per_week_logit","intercept_cc","age_cc","fnlwgt_cc","education_num_cc","capital_loss_cc","hours_per_week_cc","intercept_wcc","age_wcc","fnlwgt_wcc","education_num_wcc","capital_loss_wcc","hours_per_week_wcc","intercept_lcc","age_lcc","fnlwgt_lcc","education_num_lcc","capital_loss_lcc","hours_per_week_lcc"
"1",-8.68616967607398,0.0487639088927118,0.000000895445342721979,0.338753304675864,0.000530937330445124,0.0418249901370568,-9.01848974458613,0.0517708703071792,0.000000801894561586493,0.329711486322846,0.000523850304081957,0.0489810033354438,-8.55802069133497,0.045835187910418,0.000000908934261113929,0.328732790977581,0.000531912215507372,0.0436765511895248,-8.88614110940424,0.0499951943220153,0.000000793338183316846,0.346286285489508,0.000525679090240234,0.0437470417457397
"2",-8.49572136633294,0.0459751982001754,0.000000585287593402345,0.3431771644567,0.000587040291581224,0.0401766327380947,-9.22672757100286,0.0526840431345916,0.000000758009371244564,0.353522767622775,0.000638734641201968,0.0476728640488334,-8.74195731941085,0.0465839140660709,0.00000078213832557528,0.354680827505195,0.000625126501522479,0.0418136355070311,-8.57130076722785,0.0448630249366349,0.000000694906792616449,0.358497440386348,0.000592315397241221,0.038755165665776
"3",-8.63502611989425,0.0471487090601039,0.000000547936042663456,0.342774138276068,0.000580253355814523,0.0425539537395143,-9.0095797874059,0.0531048075202064,0.00000050408197582653,0.338015333408455,0.000566004139106278,0.0470097532796024,-8.53595379454529,0.0471855898913696,0.000000510798795573626,0.340113831588871,0.000558880783559592,0.0410675234613007,-8.62392864950826,0.0465473994892079,0.000000395545482476578,0.346230517002898,0.000563743563507272,0.0432742339142354
"4",-8.50581261844524,0.0467125055118526,0.000000595266280164913,0.336676784511347,0.00057599279004492,0.0412845597615778,-8.9726413174369,0.0513323496832078,0.000000305093872896323,0.341037466080025,0.000607727336115506,0.0478211252252861,-8.53098213496384,0.0456273440776865,0.000000369061180164884,0.343630492629984,0.000609669995785578,0.0420422464660571,-8.76315466029951,0.0474390642117288,0.00000055124725291813,0.351845737136796,0.00060306498994841,0.0430007528591983
"5",-8.65212142291483,0.0473423957125663,0.000000598850429825055,0.346462884781534,0.0005492851382825,0.0415423556256284,-9.19432075780938,0.0540994823766301,0.000000641971697983864,0.345557712229792,0.000585011964293088,0.0476018246301651,-8.7676667343512,0.0484316116411692,0.000000662151326543037,0.347460326757227,0.000601875323496577,0.0424875855783154,-8.70658487356783,0.0452102949497775,0.000000758233810765752,0.35241825742143,0.00059875497306178,0.0424472765088382
"6",-8.63014426618287,0.0480116111188308,0.000000747454234764324,0.336697817645602,0.000626709563149399,0.0421745810142999,-9.10798980454836,0.0539629333085648,0.000000626547740712593,0.334380927478959,0.000606131855740966,0.0488354170642,-8.63551734499911,0.0475879202347906,0.000000647224846323516,0.334221794478704,0.000606192386907032,0.0438537885774963,-8.67884235489572,0.0486088731308518,0.000000653053098065318,0.347592344686617,0.00060815329716634,0.0406676410970879
"7",-8.43656929237913,0.0467033515415241,0.000000436480477339299,0.333505810392654,0.000518014261667974,0.0413913944969639,-8.87871614542193,0.0533344599039326,0.000000426104975711568,0.327060967956762,0.000551489426374139,0.0468158731436547,-8.36051605745559,0.0467672729924321,0.000000386852997628768,0.327986928064049,0.000526190562036917,0.0410258851957856,-8.54739241484946,0.0469854777460297,0.000000648314169724515,0.329441540922939,0.00049842235286425,0.0436141463652338
"8",-8.51935753003181,0.0470290627264103,0.000000617201345801906,0.336343858775155,0.000533721846546622,0.0413348347285886,-8.97924580581106,0.0515328401325834,0.000000698320164191772,0.330722071577841,0.000556728757067898,0.0486176465552494,-8.51480294612071,0.0456950527235113,0.000000753068796468853,0.330181748041734,0.000557627275212935,0.0432512611694786,-8.48797629187782,0.045216939981936,0.000000511394046659421,0.350106172534222,0.000452183020194861,0.0399069185497811
"9",-8.48945492282126,0.0453025667516383,0.000000569905983956267,0.339901013087268,0.000547681170688974,0.0414602850760493,-9.07064135597269,0.0538055037810845,0.000000455854315226788,0.335738040784512,0.000581370691889869,0.0484828326727164,-8.6109885016466,0.0480923763058381,0.000000508580809866499,0.33904966670223,0.000592462376214679,0.0421204258199088,-8.40847340904799,0.0427125696869268,0.000000549092611050521,0.337004057105484,0.000550196919157703,0.0426395311614722
"10",-8.55480845952418,0.0467397785262021,0.000000667302339298075,0.344827915304103,0.000586526723376147,0.0399673389441033,-9.06510710119309,0.0537385009250763,0.000000838328812115146,0.342794550840211,0.000593165607920553,0.0448965931816737,-8.58219423141949,0.0473243962583484,0.000000878467254937871,0.342796347819371,0.000586914336477386,0.0396244198486966,-8.55319600118995,0.0476138305570779,0.000000619875105229816,0.346983614602203,0.00062295783251821,0.0392803373775413
"11",-8.56381993393771,0.0478667086839578,0.000000538652040168662,0.347451805577038,0.00056072302224922,0.039247128397867,-8.94639135981454,0.0539305596431276,0.000000552499135439076,0.338675032810398,0.000519998216333271,0.0444298935551233,-8.46030566416822,0.0474969347385358,0.000000547259930597689,0.338569120365915,0.000530563425105432,0.0392785196905408,-8.72435067707613,0.0493515264530153,0.000000600370672442323,0.350463655818651,0.000548200166283104,0.0405641451176941
"12",-8.61434052317587,0.0484612862236006,0.000000622796942044408,0.341869770687499,0.000607944234286644,0.0406779186676568,-9.00441176790443,0.0542073456794746,0.000000571048899915222,0.337285653393361,0.000591190130151659,0.0456338072344899,-8.53984344412761,0.0482191329119704,0.000000657525948533465,0.337965447642782,0.000590933865499617,0.0399757430686447,-8.78240235324274,0.0502349594667417,0.000000992499682704865,0.338971789222549,0.000650339472768321,0.0422073549474541
"13",-8.71545757919245,0.0474927701203367,0.000000621035219392229,0.347658496409555,0.000575387767384002,0.0423060510921522,-9.25345723334406,0.0531768974397135,0.000000658856024899709,0.353047889922634,0.000545896904011046,0.0479393081782,-8.83227822188813,0.0477139794861145,0.000000707943167034126,0.353969513141856,0.000539963321357928,0.0429134110233624,-8.7575651121609,0.0459197424014352,0.000000498420953252178,0.359701423858019,0.000567866575554724,0.0426149260330936
"14",-8.693466161279,0.0472308631206801,0.000000717755694281322,0.345414356460239,0.000585398328051547,0.0426593714304215,-9.14403164804884,0.0535960968966937,0.000000610164805943372,0.349053494932034,0.000592056572672831,0.0467159882209911,-8.65046766179434,0.0473441856311583,0.00000062203011058318,0.351256201239064,0.00059356143085138,0.0405618142789395,-8.7835987831819,0.0476981723254323,0.000000865499289095997,0.343735705359542,0.000570312013060601,0.0442892562396157
"15",-8.6496605501158,0.0484537737369685,0.000000672303595786862,0.339261430989011,0.000558569451829417,0.0418424839699287,-9.02624757064325,0.0544196305164221,0.000000741842269796789,0.331597592773303,0.000595595381667752,0.0464063201111332,-8.53727861832552,0.0483637741343345,0.000000777772721442742,0.331246947204161,0.000601245648200344,0.0407218843163404,-8.82510394050967,0.0491608474742726,0.00000071379844522879,0.352244040927688,0.000619526732128903,0.0419990595779467
"16",-8.53542592206483,0.0472098765145864,0.000000599665339163007,0.339179749276719,0.000571464447529422,0.0407651469612029,-8.98141478942318,0.0533483205185622,0.000000382087800547123,0.336582177945949,0.000520461210674812,0.0470418234216982,-8.51368954106363,0.0475846633883691,0.000000399101335604473,0.338832465502379,0.00050599121812195,0.0410527670308196,-8.74067542249028,0.0468737514259669,0.000000576792595376004,0.348399431165623,0.000551160881634234,0.0437919860235566
"17",-8.49565395008003,0.0469356911762057,0.000000700830608106792,0.334332897341648,0.000548948513919173,0.0412756301997142,-9.077306819859,0.0542187256728062,0.000000582433227886855,0.335086901803903,0.000612446764634324,0.0483814939825428,-8.58520747512449,0.0479294139709472,0.000000680536989342501,0.335190075852162,0.000622025777878146,0.0424020640610986,-8.62649083249466,0.0468517957010944,0.000000862637640710671,0.342280810481174,0.000604082666034231,0.0413569317268514
"18",-8.53316040207088,0.0467772819759705,0.000000730518284975108,0.3356752756675,0.000543380076526062,0.041431678352279,-8.81121026588,0.0504675055339585,0.000000618043751431323,0.332180437371379,0.000518717565328173,0.0454057640134234,-8.33070682406036,0.0449692942460777,0.000000648004696207797,0.333193427104343,0.000519407947402804,0.0391013025530651,-8.46859701828663,0.0468057396490671,0.000000619098846086409,0.336047244137718,0.000566632432191797,0.0400884191969272
"19",-8.59729716560658,0.0471625623948512,0.000000667181588003381,0.342743956288326,0.000532047037557936,0.0414084977616252,-8.91405432959128,0.0524169495388732,0.000000596076402709366,0.331532422768821,0.000495736108208382,0.0468601142829357,-8.39394007724192,0.0459132921450851,0.000000680702099079543,0.330955820057379,0.000498667363570492,0.0407088860710048,-8.63077725942801,0.0468059915848393,0.000000429643015121515,0.34244536802263,0.000517662919046054,0.0436721868790949
"20",-8.55396497387674,0.0485685477420777,0.000000556336684508851,0.334566544529025,0.000606813018170793,0.0412413762728567,-8.90447691007974,0.0525931976773284,0.000000327642984111295,0.33167360665305,0.000550127055011015,0.0473012246404439,-8.4324751097427,0.0465669534783778,0.000000330981570274122,0.332177894287165,0.000549386385903092,0.0419197278213217,-8.8008349481815,0.0491007904063932,0.000000596902330595283,0.350165545906833,0.000579965501717863,0.0425546300325761
"21",-8.48930651321994,0.0479019412846062,0.000000680887126651665,0.32788588548493,0.000608173228171469,0.0415898074063302,-8.8784163778173,0.0531463541976672,0.000000628827308527377,0.324358691448083,0.00059997553626744,0.0466626258122511,-8.38652528854887,0.0474184240818831,0.000000693080697681286,0.325584791677838,0.000594171129632274,0.0401327071707344,-8.76649717859695,0.0486965200960324,0.00000105688460783074,0.338730598153207,0.000585025096535779,0.0429024619716287
"22",-8.40164900265547,0.0470244732504086,0.000000521350941110661,0.327446656969686,0.000568455472563771,0.040968521852543,-8.83829748075219,0.0536255575083707,0.000000410380851468371,0.320250563925915,0.000554482159232877,0.0470428638269881,-8.39008173402078,0.0477788293020664,0.000000430531030067089,0.323267503012958,0.000547253001321793,0.0413929031851397,-8.3284075271122,0.0466395405185255,0.000000356946925087794,0.322371347015301,0.000566191860454194,0.0417999880091271
"23",-8.72624099881041,0.0487279107223766,0.000000682648691842683,0.340170656013265,0.000563997249925238,0.0433516705859732,-9.29381102023665,0.0543600219807284,0.000000795559492928842,0.347204498529313,0.000574365211153772,0.0492150254160356,-8.84715986542865,0.0481273085226963,0.000000798623930632037,0.348628702043838,0.000576080526410973,0.0443835962254394,-8.90834151756024,0.049950092843756,0.000000864900570016863,0.348312095763224,0.000640707307372377,0.0435443535964613
"24",-8.51846187939594,0.0467773938024121,0.000000480413901191095,0.338901642194202,0.000587668592862223,0.0412272995135133,-8.93905048895502,0.0527678940388024,0.000000337205893720625,0.334041359622477,0.000568075253872896,0.0472443667832389,-8.46090352133643,0.0463997317337439,0.000000430120886091358,0.335709659910632,0.000571672835602462,0.0413603925626139,-8.59560897246113,0.0461033191047358,0.000000701571997006282,0.339273574170303,0.000567683074187051,0.0426193398869662
"25",-8.7494511923807,0.0479474474587866,0.000000617972343646168,0.35349808985177,0.000556822132074401,0.0415619862733656,-9.25806928214943,0.0548263807983891,0.000000551569109531717,0.356716217082799,0.000617337577940091,0.0463091421180483,-8.7979000860888,0.0492158089366565,0.000000627238400347462,0.358149447896803,0.000615247643239722,0.0402438996100244,-8.86995201317573,0.0483626076929469,0.000000741626059004523,0.358295493019457,0.000570259623013252,0.0424087997995863
"26",-8.56286317115451,0.04746269608202,0.000000527558076408468,0.343273380109603,0.000605386601193775,0.0404691763427695,-9.02412727376666,0.0514357543416688,0.000000584613294631613,0.339931527507824,0.000595687829413309,0.0479230286903523,-8.54385758326646,0.0454520430648979,0.000000668075581141722,0.339301447662098,0.000586523450410244,0.0422691356650457,-8.71423216264025,0.0494228581962827,0.000000409588919255019,0.341898855539769,0.000616208964626845,0.0428561406144036
"27",-8.60112567361914,0.0470008354280905,0.000000492727039543869,0.342994217727116,0.000572522895995688,0.0420274512039828,-9.08563539804579,0.0527312850138196,0.000000611854290560592,0.340475945552504,0.00058846575618855,0.0479465318239589,-8.60000919189708,0.0468145331972565,0.000000720353366911968,0.341293683008112,0.000577982423492536,0.0416260060586205,-8.62609063170569,0.0460974284008819,0.000000515894433422877,0.342382066134931,0.000611100427349346,0.0433645264307298
"28",-8.58629993963897,0.0462494416305933,0.000000629273667015158,0.339959641474124,0.00054810467773915,0.0427887245970848,-9.08707626544165,0.0516611290255168,0.000000524642327903401,0.344069070030582,0.000512350301785878,0.0487796088768213,-8.68916413204756,0.046055110388105,0.000000612578114387127,0.347998748493311,0.000497434808809344,0.0435323019168457,-8.70903155618172,0.0475596989270194,0.000000647783272473045,0.350290486996864,0.000549750640024882,0.0419536493800805
"29",-8.53599907540661,0.0465958607378153,0.000000680403615518307,0.339566129510793,0.000575135491896857,0.0408449623360494,-8.97670200739569,0.0524822024381835,0.000000709363937580042,0.336018313249098,0.000550715635159132,0.0462150030692018,-8.54130639720468,0.0465597587543765,0.000000750661078470709,0.337028093662186,0.000541746495838861,0.041305424346257,-8.4533459095513,0.0448472435439016,0.000000669889371858249,0.33775535093113,0.000572939252690517,0.0410776958558955
"30",-8.49593547843428,0.0460012196241468,0.000000546334804640617,0.34217928669425,0.000564963127643144,0.0404141532202866,-8.79173759755393,0.0522265146379742,0.000000460206486527486,0.335558502716311,0.000525039823069761,0.0433326588359378,-8.37707528394014,0.0466629961531218,0.000000565081900867472,0.338490871022641,0.000534564313525834,0.0377203816234016,-8.52567218392164,0.0460840528976894,0.000000725201072390462,0.342624917919424,0.000520054213222963,0.0397917930152019
"31",-8.49238343272089,0.0466944050255524,0.00000058035842753217,0.345837665849239,0.000577310118944094,0.038755047719664,-8.93567477885272,0.0515761285376487,0.00000053978848258791,0.346017400764678,0.000604743206472413,0.0445577224860972,-8.43972569109171,0.0451576883583488,0.000000595933784988904,0.347950680706325,0.000613896606708135,0.0383621632869144,-8.71509784971655,0.0466001803301214,0.000000791953882996962,0.358070925851741,0.000591711700924193,0.0399833528953599
"32",-8.47577678301853,0.0466163960466273,0.00000049927056948189,0.340371254046821,0.000531335377844793,0.0402172881614546,-9.00161749138954,0.0532882081219214,0.000000435498511191484,0.33989269449387,0.000549899797718415,0.0464614518301437,-8.51650148652248,0.0473822403766096,0.000000454748108435948,0.342507625682641,0.000542009752841469,0.0400744877200744,-8.48403759443332,0.0448716453146034,0.00000060899347775479,0.347055036712872,0.000563222210516569,0.0401482693392119
"33",-8.45195364504585,0.0473914215879519,0.000000584369042910566,0.331933987182719,0.000564870243259044,0.0405176354648574,-8.7359391323659,0.0516495158844044,0.00000047087912574026,0.323374337344159,0.000514062944043632,0.0453989486526143,-8.26849517444515,0.0454823883349291,0.000000445364246699004,0.326232299427425,0.000513131669587212,0.0398289832498693,-8.74826231602256,0.0509808260522906,0.000000687113282022158,0.330957795858354,0.000618164220374996,0.04368010895771
"34",-8.51057017832241,0.0474049565578211,0.000000611680760183199,0.33912283838082,0.000563047584575111,0.0399941701788159,-9.07608856208826,0.0527764097462537,0.000000642462958973909,0.337609783491178,0.000582701332208749,0.0482880825656548,-8.6217971234338,0.0469133839353838,0.00000065900642768184,0.339394642836878,0.000580608559266406,0.0428068190192508,-8.52071180562434,0.0468859373131816,0.000000587948171874508,0.340371013751113,0.00061641875997435,0.0407391241266619
"35",-8.56405036608915,0.045760828798322,0.000000611545145413322,0.344813369429399,0.000615967873996941,0.0413340487442408,-8.98229102569115,0.0514102726860404,0.000000479043966603749,0.349686289270419,0.00061781790206238,0.0448239597652436,-8.5836288026003,0.0460804042404267,0.000000515836722633674,0.352219416057361,0.00059503018900639,0.03989061716797,-8.73027384219591,0.0491189740621231,0.000000717778905044235,0.34887226439185,0.000647733770604106,0.0407380897140775
"36",-8.56467091271119,0.0475261737392133,0.000000696045010915562,0.339990303865551,0.000623339516053027,0.0405336698240178,-9.12605893218102,0.0557372582541813,0.000000578970207988737,0.350272553550528,0.000567537455012508,0.0439174958758575,-8.70620541841671,0.0498584749820427,0.000000674548338808742,0.354536754713691,0.000540485128741118,0.0383237063253763,-8.85181221267021,0.0486804734747038,0.000000564229175552897,0.356831364981506,0.000615978439366335,0.0420983645712949
"37",-8.62998057774389,0.0470671966571668,0.000000544816931973398,0.34476264619543,0.00049485791237225,0.0421871980920196,-8.98368621555842,0.0516914713086231,0.000000556154727526655,0.336491971232419,0.000506105900166693,0.0478943459063025,-8.52962994007724,0.0459883137285413,0.000000628768960767444,0.338585751275671,0.00049558998024256,0.0419338187557768,-8.65028497581959,0.0478974337717992,0.000000548572628594289,0.349395612434884,0.000549962671296945,0.0404301661002379
"38",-8.3745311820151,0.0465643872735573,0.000000557713377417729,0.325320679566203,0.000542090187410081,0.0415222984358748,-9.00416375729885,0.0515784854216592,0.000000577578767617209,0.330702973296272,0.000544548365213588,0.0502823359007938,-8.49368900976729,0.045071486295083,0.000000643162576856676,0.329276826560367,0.000538278751187874,0.0446618473771234,-8.40778544437352,0.0486305403135877,0.000000528255879788302,0.322175468792468,0.00050336119193038,0.0414954800086977
"39",-8.53453573584361,0.0468760905295842,0.000000660045962801871,0.339510850220587,0.000567315979735174,0.0408079974976712,-9.19264913791858,0.054841377959777,0.000000571901129697474,0.347694211594921,0.0005459381986772,0.0469071580432017,-8.76928742659826,0.0494625452457612,0.000000621602714595357,0.349298003363849,0.00052913764062564,0.0415795788930616,-8.52360881401013,0.0455919772502047,0.000000788973107658606,0.344176335311721,0.000608722064511949,0.0400457690310225
"40",-8.51996994675117,0.0458049818567621,0.000000449699726196667,0.342326989586321,0.000538464582830325,0.0416985937255072,-9.08777868426131,0.0520182878224641,0.000000172366330094932,0.342424185564945,0.000564641398597114,0.0502832689658256,-8.595796885706,0.045743448418962,0.000000263257334041106,0.34368991262132,0.000549922904043007,0.0441150029616565,-8.51851424560856,0.0472850753580922,0.00000040512029747638,0.3379793532055,0.000529006234136817,0.0421244780118906
"41",-8.53846899005956,0.047237962368911,0.000000444308994085334,0.337127676587192,0.000599228107830458,0.0420601747998724,-8.91354130561052,0.0511584272689373,0.000000393498811142052,0.334766718990154,0.00058508445780166,0.0477781771874265,-8.52299117869287,0.0452923320633459,0.000000425957856070121,0.34057741068002,0.000563812723847331,0.0427529167702438,-8.75810470016592,0.0473163673004903,0.000000479268794607074,0.344207725350739,0.000640889283077884,0.0447958219158873
"42",-8.56264801900829,0.0464503301156344,0.000000611803465129737,0.345991511783787,0.000554441121526729,0.0405276711241815,-9.36478384568202,0.0552162243780303,0.000000602851432347427,0.345870362898383,0.000657910048855099,0.0510071379520701,-8.9495216548627,0.0499247915099639,0.000000611674253313216,0.348274303918661,0.000650331620614131,0.0456994799445908,-8.49629325870334,0.0470724027116554,0.000000323173666453226,0.347638333464021,0.00054301545418967,0.0396166706293531
"43",-8.71762067330602,0.0467647309236526,0.000000715312684952579,0.346717661925941,0.000546991680206963,0.0431503686248677,-9.30592924709168,0.0520509279100244,0.000000685081007951031,0.351038210479018,0.000503256842191091,0.0511221719170543,-8.86089109478032,0.0464258543838256,0.000000676246561912843,0.354141574454239,0.000489012658959902,0.045404053698181,-8.73812167331061,0.0475820318987071,0.000000865804201243971,0.353855990991151,0.000593336211290416,0.0407827515776838
"44",-8.48954717463111,0.047055620379698,0.000000672566713327421,0.337694588557683,0.000531963430183472,0.0402417494864046,-9.06144265720579,0.0537318185393738,0.000000675965071725902,0.33676639431468,0.000508994640072182,0.0476344427232554,-8.61743384155933,0.0475056912945592,0.000000715841675263728,0.339425188019899,0.000503145816000683,0.0423716012914359,-8.63077513247142,0.0484998967509522,0.000000546451634996119,0.346959721175296,0.00053321465548475,0.0404516539066951
"45",-8.56325107238482,0.0472123856240063,0.00000063018558215937,0.334130123678079,0.000587065585256344,0.0426742824707034,-9.15327852883707,0.0561668782351784,0.000000565097177230209,0.339566368290659,0.000558373143101205,0.0470725908454361,-8.64964078018109,0.0496736075338191,0.000000634702183391328,0.340366457550014,0.000563405123313697,0.0410213476850124,-8.57652859070487,0.0481047485110583,0.000000672547969699737,0.334250125687911,0.000594756738900133,0.0422835196911415
"46",-8.49149426779335,0.0464075327399566,0.000000733295301693742,0.341220564278177,0.000560306553607385,0.0394298685065727,-8.794687778797,0.0518127296147456,0.00000084345381704589,0.33651491512899,0.000600319424463516,0.0418622800037623,-8.29795470378824,0.0458760462510285,0.000000856880168310217,0.335312319379945,0.000598557989972215,0.036218682566493,-8.74352999762081,0.046167581732349,0.000000821850899044608,0.359183668661251,0.000563305562421077,0.0409938155176643
"47",-8.64357770794626,0.0473040395973695,0.000000715699588257594,0.347161184930589,0.000590915090582008,0.0406713912238333,-9.08605239724714,0.0514729005794006,0.000000671822334962395,0.34864957584501,0.000581246151480269,0.0465278377378545,-8.60867963572641,0.0459470437837432,0.000000669350907201405,0.350234736511046,0.000580521667286143,0.040315422882311,-8.7522240683863,0.0480711879770296,0.000000929308621000353,0.355257296843439,0.000587493164496077,0.0396499320197611
"48",-8.57227390465186,0.0471111401445574,0.000000683494971584295,0.340355741775887,0.000555247143079821,0.0411981110316225,-8.98773890877401,0.0542111476666672,0.000000780512633591719,0.334482694235418,0.00059477802105149,0.0449646688925502,-8.56784629087088,0.0487808961582602,0.000000819058526448652,0.338069877722216,0.000587290202876657,0.0393104444518171,-8.67316196710111,0.047516828218625,0.000000601841548525048,0.342377740898726,0.000569154514001101,0.0433618767928065
"49",-8.50703550987946,0.0477982103455039,0.000000487066000598283,0.337302537757743,0.000535895768923452,0.040513726011828,-8.99122989480356,0.0531795177612698,0.000000384359557098867,0.33701567111786,0.000553859390991002,0.0470923005104325,-8.5956692665056,0.0473908541215897,0.000000452763585356483,0.341756545045925,0.00055513731089815,0.0419172174750085,-8.73324470710872,0.0481304090894988,0.000000507923717755414,0.351955115480297,0.000548207250605564,0.0420305651607494
"50",-8.56248117695691,0.0475715629039972,0.000000540713929382039,0.340961179675653,0.000544480815524377,0.0412427574623863,-9.03664608906518,0.0518959782509378,0.000000566915619009975,0.344351487087568,0.000571249058437106,0.0470538542353045,-8.55251887262117,0.0458696023258438,0.000000579105928594133,0.345179918373139,0.000571262121941271,0.0412876199697998,-8.65424468363792,0.0477889696487012,0.000000735261985716842,0.348761864239763,0.000554244503854786,0.0405733500178528
"51",-8.51237325307246,0.0463512656868721,0.00000053274817454573,0.341942783212486,0.000557381132055993,0.0408512317768325,-9.10103369692647,0.0535763020336619,0.000000405287764630489,0.345584376000192,0.000573378658038104,0.0476569222723803,-8.56729255425077,0.0473575419231074,0.000000493561499592984,0.342752096224165,0.000562408542391774,0.0415110503573927,-8.46333079490916,0.0467841492166785,0.000000588435742798475,0.342319548495998,0.000597556477625442,0.0391139007364452
"52",-8.54679312666009,0.047937767944427,0.000000627598043021344,0.336018099918795,0.000570028881922549,0.0412105147561788,-8.98485024675937,0.0542927383179608,0.000000560288591103779,0.323003296684101,0.000543835715483849,0.0489364063917231,-8.46849511882018,0.0478550375042172,0.000000572105921237001,0.325897818655165,0.000518378417439077,0.042316232787714,-8.55424576930863,0.0484728820736592,0.000000619630708248078,0.33881977801669,0.000550222203267784,0.0402666755927463
"53",-8.59003803079098,0.0478084961344151,0.000000621328654377888,0.339257099545158,0.00056021740829599,0.0414391815730915,-8.87478041889415,0.0513340641339303,0.0000005027115344679,0.342164679929601,0.000585084679611665,0.0442971399783592,-8.37060031531277,0.0457468389450039,0.000000520563300197411,0.34262137063704,0.00057999455148832,0.0377336224423058,-8.78554606484922,0.0466127304087203,0.000000688668502779745,0.349932553004393,0.000571021429720161,0.0441244224879764
"54",-8.5295288686499,0.0469409479400888,0.000000554076203451461,0.343912871845536,0.000568841838634416,0.0398822631292141,-8.89734228423653,0.0521522462795674,0.000000441972754844498,0.339691604291346,0.000591326369365479,0.0450074224071351,-8.37275743804202,0.0463162334349732,0.000000467777740167913,0.338883730859118,0.000589174053384996,0.0384623141163463,-8.65168894658309,0.0456768713752171,0.000000576178060934644,0.361540431348224,0.000537521880170821,0.0396764187083428
"55",-8.56351559307343,0.0474187663504091,0.0000005537448669297,0.339763862719752,0.000514590034121847,0.0413666364755594,-9.18423540629926,0.0546533902634984,0.000000558281603887541,0.340616602206108,0.000610587424599645,0.0487865856447993,-8.68339197021368,0.0485896669313982,0.000000527833444242045,0.342724928899204,0.000596194979312582,0.0425297825955021,-8.5163348704551,0.0473966786587511,0.000000553915899801007,0.328622742542806,0.000519765178110597,0.0434412558507726
"56",-8.52403239763677,0.0462189610239498,0.000000528971961436692,0.342775754292668,0.000568268385356222,0.0409074958736443,-8.9277729851736,0.0507274782431018,0.000000661092104096762,0.338733985817213,0.0005427519025992,0.0464515543736582,-8.37180335155868,0.0440089551698465,0.000000714275236902003,0.33891038659048,0.000532085998146751,0.0397074275755391,-8.47962519653582,0.0459490611519817,0.000000420147909915697,0.346134287186922,0.000577570476084042,0.0401624698178119
"57",-8.47120133102435,0.0468860538263227,0.00000064574958462348,0.327509014901731,0.000561133781121929,0.042553261827132,-8.97174705509502,0.052837987776612,0.000000624692465927876,0.319590012177276,0.000551527917127405,0.0505180650741218,-8.48719716222265,0.0467713116135442,0.000000642726093179871,0.319442037356629,0.000555731109891914,0.0449656910329249,-8.46724297893658,0.0478192180091678,0.000000429189299779354,0.321709251652418,0.000597239861540188,0.0439876776862151
"58",-8.57529827627255,0.0474338053957844,0.000000646503370863419,0.341747551416348,0.000548979202015454,0.040826674281966,-8.99559289856509,0.0535036146701169,0.000000597035013967681,0.336777422396668,0.000564242157711823,0.0460494149767726,-8.49874269949266,0.0472228809613401,0.00000069452603641543,0.335770373131453,0.00055697860264663,0.0403154059070731,-8.64246205192551,0.0481954465772546,0.000000511246614162177,0.344720124227601,0.000606829617008269,0.0415836683018301
"59",-8.34350375803565,0.0446007726778976,0.000000567877901560615,0.335940807334781,0.000588508380765038,0.0399451684553077,-8.96676623124086,0.0515505722838005,0.000000436145280071963,0.33706842977185,0.000616565926473155,0.0483233153362705,-8.49323605660651,0.0455363482343463,0.000000503518397613993,0.338417002567176,0.000622721793863691,0.0423364779097499,-8.49158469182345,0.0476088338560993,0.000000374775122898004,0.337595331911094,0.000595074838441217,0.0408973165300672
"60",-8.44413944430054,0.0469495143977952,0.000000637574366874941,0.330623230186225,0.000541695818684772,0.0410148030354495,-8.93764822892437,0.0528008584424103,0.000000719618251673131,0.332935005310791,0.000550500910521938,0.0459798931709796,-8.46076332405245,0.0469284990567861,0.000000765152615705763,0.332083270413894,0.000533344977654215,0.0405598765559038,-8.40290986522116,0.04580710526467,0.000000440597926760738,0.329767271368071,0.000522617301872667,0.0423295128972033
"61",-8.56313531905298,0.0472520855419238,0.000000538494400635017,0.338052561890813,0.00059758604005362,0.0419858316024292,-9.17968972467814,0.0542430076542319,0.000000529241143678855,0.337288283707087,0.000651939112279279,0.0500713583100606,-8.68352582493906,0.0481545139801733,0.000000562376090418707,0.337922900754407,0.00065196984272665,0.0439942918196818,-8.6357401610952,0.0480230886544327,0.000000930948549650649,0.334026730874253,0.000621907581845676,0.0422951761791529
"62",-8.56272259498312,0.0471117962284613,0.000000614656992947795,0.335268982704649,0.000537659434930855,0.0424735166069074,-8.97480716552655,0.0539401637338311,0.000000573965452858525,0.332721314551379,0.000536927850964368,0.0464673389788143,-8.45837860040879,0.0471146431942747,0.000000604209017851376,0.335181090592822,0.000531253144159433,0.0402192341609912,-8.67313749725295,0.0477186832302133,0.00000073665042808274,0.329284517921625,0.000551866543093014,0.0450007680558755
"63",-8.57743112659182,0.0474167458445438,0.000000605189721057999,0.34132866521582,0.000556958692653402,0.0411714021521778,-8.9564915917008,0.052214706058237,0.00000042225710962294,0.339177877053305,0.000518671766628467,0.0466141948259004,-8.42607970950358,0.046155085275317,0.000000438313510454001,0.338687542893635,0.000513370850753886,0.040136543250808,-8.68771230051772,0.0491623469965051,0.000000710020011585475,0.341601692111547,0.000607877598321139,0.0419564996143289
"64",-8.51544138650817,0.0467873541815743,0.000000505071530079812,0.344270081806721,0.000572257927783686,0.0399749388690451,-8.99528519523271,0.0526765550166615,0.000000461493188555345,0.344866784390874,0.000493511627961951,0.045728292948065,-8.51074768409951,0.0464788652715033,0.000000506842072095918,0.345434300940128,0.00049796665504135,0.0400033208357709,-8.73140962860605,0.0467851316249601,0.000000724796065360176,0.356404640037821,0.000581994273863475,0.0409624068088417
"65",-8.4917418174365,0.0467364077259756,0.000000462446913023831,0.338712758845513,0.000585436399220949,0.0408406055911921,-8.85145396753014,0.0508250738395557,0.000000418213338053875,0.333352366511799,0.000603352900159571,0.0465245775405979,-8.42043495950557,0.0453232434063228,0.000000493735742494664,0.332896381595736,0.00059013385543024,0.041551870614548,-8.40194250573926,0.0443904853944901,0.000000431212196542103,0.342223725803575,0.000562580698032145,0.0403968690474638
"66",-8.48167672920618,0.0481203111562662,0.000000373517274210159,0.332368634809294,0.000536376337293112,0.0415843996054641,-8.88568796429344,0.0542150964759397,0.000000343096816375869,0.323471041669702,0.000531757002413437,0.0474437560204965,-8.43188308908863,0.0483611145310066,0.000000356043484912576,0.325379959266792,0.000537253727914193,0.0419056001292762,-8.64499378739302,0.0516575712371622,0.000000082709724518743,0.332806536839767,0.000543113914930321,0.0429573756589669
"67",-8.49467933128383,0.0458563546258561,0.000000636603932651412,0.336031310763797,0.000540028173053417,0.0419245082989201,-9.01207547369651,0.0530107889623262,0.000000685642776266613,0.330438499226728,0.000526220688534358,0.0483436976768625,-8.60502177572006,0.0468311292814446,0.000000769023130557249,0.33585983215551,0.000515444326349475,0.0430541229044951,-8.55712992069087,0.0477938361180086,0.000000566772379895133,0.335114618574933,0.000583966665314896,0.0417036343746805
"68",-8.58370592446225,0.0475035873727619,0.000000720987247177165,0.336332088286739,0.000574255201308702,0.0418852552685218,-9.10012640908513,0.0555220162127213,0.000000710939943630689,0.332288954030439,0.000597390987607124,0.0474219491262779,-8.60546840194552,0.0491181228522216,0.000000773193919570498,0.333453579751808,0.000590943657072286,0.0414262198906143,-8.67906102874862,0.0476849523892509,0.000000756549665373776,0.338804951931466,0.000593399157981365,0.0433491033193923
"69",-8.69617697635999,0.0481336281871125,0.000000587442787733929,0.346281326581407,0.000553575869574689,0.0419720806036183,-9.37397689439566,0.0557404218010037,0.000000745891138228461,0.353235805602999,0.000562504909076859,0.0482873439368803,-8.90275008685113,0.0497334193170234,0.000000770561673114424,0.353285549390212,0.000553685710990976,0.0429256855220222,-8.80163679760014,0.0491751080304247,0.000000857594085271423,0.352153734965668,0.000549827355186515,0.0411304895638459
"70",-8.68863745739325,0.0473407230923609,0.000000559178633665732,0.343443493953168,0.000564145988039879,0.0431867033723139,-9.24765300046496,0.0540306757512011,0.000000597118807320148,0.344628269966547,0.000550397400201208,0.0495107548448605,-8.80453180420038,0.0482044413805738,0.000000764328252553828,0.34751886209148,0.000549763438745564,0.0433031762685402,-8.67576549015454,0.0460727124189286,0.000000478020848111624,0.345822419639381,0.000600088080928906,0.0439529331863133
"71",-8.69167547406543,0.047814405788788,0.000000656375970248365,0.347596390386151,0.000546007463329427,0.0415804195756356,-9.37938235003258,0.055851899467299,0.000000664043183463871,0.361156540069268,0.000534550690527669,0.0468411242168839,-8.94029475403272,0.0500104415020062,0.000000668799652657357,0.36687770106459,0.000538027434953637,0.0407217902497444,-8.72668934390409,0.0486086991181023,0.000000532353816029964,0.354624737335018,0.000525731071835872,0.0405045722577552
"72",-8.60831385151157,0.0466723472209444,0.000000368527415061228,0.348641264054961,0.00056094906769193,0.0415362140225041,-9.01186593712148,0.0526648822801443,0.000000208349867104364,0.347658708920242,0.000514328046682104,0.0463135457101183,-8.54422406605502,0.0466860714086566,0.000000265158154150471,0.349193885081411,0.000511957108492835,0.0405180892777063,-8.72588737288718,0.0498713736051232,0.000000419964276648726,0.352745076986395,0.000581734592504718,0.039954733414329
"73",-8.48277605753373,0.0471885894551393,0.000000542435787498524,0.336693026525797,0.000546689572739001,0.040736304529196,-8.81669435890557,0.0515424738617269,0.000000589985324296973,0.339303852077383,0.000614985789964083,0.0432459020241858,-8.31596083926719,0.0452648607817629,0.000000597661527877655,0.340118601450794,0.000609458591446869,0.0373639346805319,-8.53788496790669,0.0481389514965679,0.000000327069496749383,0.347358684185782,0.000568114954590359,0.0392294974177778
"74",-8.51613743979443,0.0471451285814388,0.00000052909260555704,0.339138685240701,0.000570916265961584,0.0410237232439113,-8.86126060759814,0.0519868293540545,0.00000038079072889244,0.33188158881436,0.000507971629388464,0.0467758033880394,-8.38406962136027,0.0456313010060851,0.000000371403017941659,0.334371399777745,0.000483847132315286,0.0411943194012915,-8.60985702801088,0.0484122265175186,0.000000383476442413683,0.342861758827862,0.000546103039632293,0.0419471148771205
"75",-8.53677205228916,0.0466371835788689,0.000000709109948625126,0.338718556696405,0.000561771811253193,0.0411736674216173,-9.09705210516143,0.0514479081190771,0.000000888021985764985,0.343681394392166,0.000577274595884179,0.0475871277824956,-8.66383409791871,0.0455779469722738,0.000000956224236569599,0.346156060516286,0.000575637082559786,0.0421815637035103,-8.68419873667903,0.0503378579295693,0.000000645170296330657,0.345172272133798,0.000545515683114893,0.0401370239240019
"76",-8.49899680094702,0.0458024873024525,0.000000494633659044541,0.34302979664518,0.00055205666338648,0.0407475559960324,-8.96152645937272,0.0503807673668661,0.000000727505126239655,0.33426702572417,0.000562538893920929,0.0482685718785313,-8.46523971840056,0.0448576291821144,0.000000760589821368656,0.336258319665914,0.000552701517509826,0.0413749940120436,-8.56132466196967,0.0459236731654061,0.000000673045951768831,0.345568172185451,0.000573634207609409,0.0400847988367336
"77",-8.5783102602822,0.0475223630592824,0.000000571709477573912,0.340296451656087,0.000552084435838916,0.041285862611052,-8.88393912554337,0.054807634389502,0.000000338923171412871,0.330739829333352,0.000561810302339896,0.0446989576698803,-8.42365857102434,0.0491636581309437,0.000000360935702171527,0.332920724252489,0.000559228004389017,0.0387256789405055,-8.73369603639636,0.0486023234293188,0.000000839772564583652,0.344258948511471,0.00048858944223413,0.0418983962433953
"78",-8.50819311539277,0.0480983898320085,0.000000379744445098823,0.339437817711696,0.00052473327534602,0.0405127733819743,-8.99691363225726,0.0570446064073557,0.000000416882299343834,0.331713525572939,0.000484032464255034,0.0453188380072261,-8.54490247894356,0.050946406073523,0.000000461447054645039,0.335633298140216,0.000476394465845552,0.0394124867550636,-8.72092626523203,0.0499102289504493,0.000000573870868096566,0.347180749957827,0.000505875408483962,0.0414197755565411
"79",-8.5873860473706,0.0467515981420638,0.000000501965082806632,0.349914075795447,0.000546386970494653,0.0401254203460657,-9.03408826997599,0.0519664767335261,0.000000262356328597753,0.349681491259361,0.000601713987107635,0.0465856060519427,-8.51974985075244,0.0458348133938235,0.000000273896800565203,0.347953106499804,0.000594658206283934,0.0408445177810617,-8.7897868954563,0.0473051634282855,0.000000735012156081957,0.359649064451781,0.000516283900596934,0.0407821221605103
"80",-8.47718646306542,0.046686022114735,0.000000665762851512505,0.334967972910952,0.000560116361548902,0.0406586701658254,-8.95458147845708,0.0541416018050465,0.000000571723628338566,0.32955726193981,0.000541323840330273,0.04648431544203,-8.45746123950875,0.048178388150868,0.000000617282506987345,0.331278142301392,0.000536206945126989,0.0399648993992493,-8.41958970670864,0.0462511179217655,0.00000056052226790375,0.330738217405527,0.000611380213195533,0.0414084604366526
"81",-8.62548761096179,0.0480513287732475,0.00000067974543532897,0.344521125655569,0.000591091649599257,0.0405179092299924,-8.96776281050682,0.0533721203427662,0.000000575488720751662,0.340179227010113,0.000609882672253952,0.0448777516966569,-8.44318985725757,0.0474371529599387,0.000000564459713328384,0.337239389388685,0.000597749691310842,0.0391104058225538,-8.61670099505834,0.049194195759212,0.000000280890314524896,0.347690612142017,0.000593384354447893,0.0404197760344624
"82",-8.52936996947517,0.0477523763165615,0.000000638620900516176,0.334243081992938,0.000568265592683508,0.0411780076220916,-8.96185113512282,0.0531187077218517,0.000000546470801937542,0.334224078555234,0.000620803204403362,0.0462378018043972,-8.472638949464,0.0471750732757971,0.000000557113420202928,0.33565900655074,0.000615437366912434,0.0401612782795839,-8.50225278904552,0.0482587702517994,0.000000623903961411266,0.334864798401082,0.00061091669380336,0.0402548637079854
"83",-8.42932710742679,0.046321258785625,0.000000637488467060707,0.33301548772055,0.000548154831457843,0.0407694080216931,-8.88337727284544,0.053826906518074,0.000000588431383016941,0.3319719687094,0.000594335167568294,0.0447374081510529,-8.37304198354022,0.0471309463669724,0.000000604769169850366,0.331842300744406,0.000593369453671714,0.0391926861911164,-8.5773781903094,0.0476927884211283,0.000000771006803843727,0.339352249177417,0.000532401575577418,0.0409839774672906
"84",-8.45913619900303,0.0467194595578555,0.000000537153613566052,0.329543559826796,0.000564476593795508,0.042331648262527,-9.07498599826597,0.0543109147265565,0.000000452285246481138,0.336275209815865,0.000627754849919822,0.048211077116387,-8.67999060560105,0.0490375499552244,0.000000504542190144264,0.33888620853932,0.000638834995321777,0.0431046607651694,-8.43327229697299,0.0461315987166453,0.000000355969931872387,0.3338121685291,0.000554480391204649,0.0422409426678939
"85",-8.61856081673807,0.0475303675771961,0.000000533552317802154,0.340213265207479,0.00057091545338338,0.0423612243805183,-8.93495751831979,0.0516898358460894,0.000000374299269281523,0.330701525119429,0.000566408147661624,0.0487712079988902,-8.48793841705249,0.0452618598449624,0.000000395489858627459,0.334370556164981,0.000555816192482698,0.0434966442196829,-8.60775965983063,0.0474483214343504,0.000000344260796088644,0.346550143754184,0.000563666109368536,0.0420864381305202
"86",-8.55748103342271,0.0463731736634209,0.000000613358251891296,0.342811238314875,0.000560998475581302,0.0410236125228472,-9.06185062098592,0.0520443874374189,0.000000614132870691842,0.342514123565544,0.00055042639482015,0.0474862367691867,-8.56966731441651,0.0458718666840445,0.000000689455095918563,0.344567495410543,0.000531197208874764,0.0411192344693046,-8.70280984781793,0.044075935377501,0.000000761503711223994,0.352866196240944,0.00057261614109762,0.0434875753864587
"87",-8.62949511478438,0.0469283894937644,0.000000725232099162024,0.339872749243747,0.000567150124816247,0.042438845166922,-8.9796964632214,0.0511435207020329,0.000000664151562101836,0.333451460209418,0.000547217505370655,0.0482175749430617,-8.51488022521582,0.0456242624559149,0.000000651006555392461,0.33582112722557,0.000544065695264214,0.0421458575887433,-8.59790750709892,0.0470831140810919,0.000000605737076587308,0.340378891128002,0.000545769115759226,0.042208466530187
"88",-8.59144538927057,0.0466798598725881,0.000000582018964360992,0.343082693839709,0.000523821964279386,0.042010910793515,-9.18176853663847,0.0559440413365553,0.00000028129409673787,0.341560129805965,0.000516389911701709,0.0487244180289835,-8.67496745170594,0.0495189876919652,0.00000031345809984082,0.342833479516343,0.000514337174712864,0.0425831916043743,-8.62368341947164,0.0476858240095201,0.000000607532180539311,0.334521227534243,0.000543286162822064,0.0436350110672984
"89",-8.43366917311162,0.0467089536888792,0.000000448186711342136,0.336982509266272,0.000546196789586842,0.0401872443441881,-8.80657382153017,0.0521134262163987,0.000000387028711956044,0.332349868719042,0.000564898319580584,0.0449207206779364,-8.32247416166661,0.0462919482834114,0.000000429878851797873,0.331826461796551,0.000562321145559075,0.0391435801348353,-8.42588392058386,0.0460548824949019,0.000000306311313394059,0.342408803391154,0.000561133505921625,0.039931176768876
"90",-8.50321364803955,0.0467855677424632,0.000000666015245028873,0.338766676367633,0.000533787104363618,0.0403831271366254,-8.881323613478,0.0505756114093761,0.000000984017366831574,0.336614238247294,0.000584765789345803,0.0444735507405952,-8.38538565231423,0.0440497342888705,0.00000102224066257171,0.337156285410544,0.000587366856821566,0.0388588815405373,-8.47258922818371,0.0438902766907094,0.000000554477764670182,0.347175393791759,0.00059927294294661,0.0411962344413418
"91",-8.60082056992012,0.047277182762817,0.000000597462444788832,0.343313718694295,0.000595250486544477,0.0410250223186262,-9.00930486544568,0.0529797662602432,0.000000307053255177603,0.345442842594813,0.000615078259269873,0.0457873000508146,-8.55520836318584,0.0472072515887446,0.000000371576888924356,0.347456602083246,0.000625527216333902,0.039928985457227,-8.80062324141369,0.049597523956088,0.000000695808302629067,0.356063127488154,0.00066670936535994,0.0400266018317189
"92",-8.59946548134755,0.047129606022724,0.000000721445118591257,0.346983550168746,0.000561175326742237,0.0400078891678888,-9.04385105005897,0.0535056091165922,0.000000510042333534671,0.342275842868223,0.000559670525366325,0.0462359102988055,-8.60781105337476,0.047758558346524,0.000000573645011236478,0.345602545253378,0.000555343907983135,0.0404735449965773,-8.62014786202328,0.0482166307906889,0.00000072981549110961,0.350821593343818,0.000489823437733607,0.0387821035948808
"93",-8.59644899129326,0.0467737098932658,0.000000657701699763619,0.344730527004998,0.000557982900968085,0.0410574512865088,-9.15304961047229,0.0539102735386171,0.000000460161502167231,0.340037334344137,0.000575921632255043,0.0494487129912029,-8.6147790417899,0.0475416057552645,0.000000537514298049004,0.338591623798726,0.000580450385343474,0.0429645417812062,-8.57746781028209,0.0459335582940297,0.000000604319596028504,0.347821201572491,0.000551936388902516,0.0414345758228296
"94",-8.60841208459678,0.0473709828173331,0.000000675778614462186,0.343522164512093,0.000555319010469814,0.0411439640283345,-8.98917447739991,0.0533527777610341,0.000000828129818752152,0.33673602439199,0.000565181628213907,0.0451582297234149,-8.54239163867184,0.0480147526550629,0.000000813241483831887,0.338303923335609,0.000556341828922428,0.0395302184649921,-8.58519359639646,0.0453514685418425,0.000000664147692065424,0.354228479586236,0.000597616046828947,0.040193377389524
"95",-8.56830229524109,0.0472763576610388,0.000000623075291063638,0.338569912528663,0.000548965733730576,0.0416954303035487,-9.21340247713188,0.0556622229732435,0.000000611205647301649,0.334485339984044,0.000606418821487705,0.049871915335783,-8.70715430912461,0.0494292619500652,0.000000670162467510889,0.334685672856682,0.000592608812788533,0.0437197406688772,-8.60061456473635,0.0467338596590725,0.000000689164504149683,0.340988276422855,0.000599502333131266,0.0423167114748449
"96",-8.63141442174657,0.0475128844036215,0.000000573360804270276,0.339467913735537,0.000577694201811026,0.0427447168295268,-9.2772914943506,0.0558090329934387,0.000000420015425086462,0.336816495599817,0.000610450767834116,0.0513004477122608,-8.89050097141225,0.0501656670015961,0.000000488882460342492,0.341480402347153,0.000572288040702208,0.0462603251633039,-8.60298959939238,0.0479114096765242,0.00000067334973673868,0.333512399786042,0.000579503836833243,0.0428294852021282
"97",-8.45876429019207,0.0462969358582981,0.000000594327036106065,0.334064110244585,0.000558454377689789,0.0413963917691855,-8.84720455788939,0.0510870925065948,0.000000410851702096874,0.334120146385298,0.000570311210427743,0.0465789657017086,-8.37585901745138,0.0451371392933013,0.000000443269381062798,0.336430698762141,0.000556932747669824,0.0405692730925089,-8.72069076086779,0.0487808275951947,0.000000783469823810124,0.341045988769526,0.000550983351603292,0.0426809727598104
"98",-8.43520446860466,0.0460480423572876,0.000000636133125711316,0.338954795233563,0.000558485605125069,0.0395592781775324,-8.98526039387255,0.0533577243078272,0.000000512022466164854,0.334903327048884,0.000575121959124047,0.0468886068163817,-8.5127382274455,0.0474708834899535,0.000000512315728740449,0.33555833391442,0.000576156616908913,0.0413270444922572,-8.58917676761116,0.0465515899418366,0.000000667371691025182,0.348628073184535,0.000545821566405249,0.0402585898733601
"99",-8.48122378477268,0.0468117903485698,0.000000454100230417793,0.338776730526042,0.000547730940683915,0.0408341250921858,-9.08060649974411,0.052842940431127,0.000000569666380428168,0.344759800277444,0.00053241677945406,0.047228239777132,-8.67341259219077,0.0470175285190327,0.000000671575923605384,0.348186703212692,0.000513417064961851,0.0420338498657795,-8.42616500757036,0.0476117790752995,0.000000594995443527984,0.336151533362477,0.00053874526450679,0.0386534398096643
"100",-8.60209722350768,0.0472632518924867,0.00000065766402733509,0.341495035040044,0.000587490971867034,0.0414566453003501,-9.36988639326523,0.0550753229646624,0.000000670438550844077,0.353473677347498,0.000634455115206361,0.0490368441072451,-8.90327656118408,0.0491782276358815,0.00000069998544728189,0.35459735585427,0.000628114449790753,0.0433898305507017,-8.74025236424671,0.0480796985987026,0.000000641986619590019,0.342899997908251,0.000633976033882037,0.0434860166790541
