"","intercept_logit","age_logit","fnlwgt_logit","education_num_logit","capital_loss_logit","hours_per_week_logit","intercept_cc","age_cc","fnlwgt_cc","education_num_cc","capital_loss_cc","hours_per_week_cc","intercept_wcc","age_wcc","fnlwgt_wcc","education_num_wcc","capital_loss_wcc","hours_per_week_wcc","intercept_lcc","age_lcc","fnlwgt_lcc","education_num_lcc","capital_loss_lcc","hours_per_week_lcc"
"1",-8.59856048900319,0.0469247840355972,0.000000574573228929306,0.34360484872259,0.000547952660160699,0.0415810834586422,-9.04552080925351,0.0526416474259568,0.000000473759054464116,0.345172265990538,0.000521172623669047,0.04647672269512,-8.60139849311506,0.0460267302710168,0.000000442951265461751,0.347926090674678,0.000517518948916154,0.0419909863235309,-8.51641631246737,0.044523890771686,0.000000364572981931143,0.344551236334432,0.000557084630473489,0.0429271852537892
"2",-8.42657312873047,0.0465432626505617,0.000000735395353902535,0.334208211340083,0.000571531920142147,0.0396556121784564,-8.97575141120335,0.0536536952120252,0.000000757814253344561,0.339645348119751,0.00057837473560234,0.0444394643437768,-8.55487431593519,0.0471388009373321,0.000000843057146450472,0.343522740015079,0.000569350641857791,0.0394690856672685,-8.38733066624994,0.0441299524929597,0.000000613627806335603,0.338225905711816,0.000586165819664422,0.0403445148234577
"3",-8.58977861168726,0.0471962470412782,0.00000055526709756273,0.342906575960931,0.000572371641456422,0.0413186389173156,-8.97457733369229,0.0536988385028683,0.000000293433118695748,0.330972425754029,0.00059507532244312,0.0481321929915237,-8.41842618657231,0.047023176253554,0.000000232323996343334,0.332927646998911,0.000589286418135992,0.0413624910588408,-8.51563432901545,0.0467148905607362,0.000000201130134336204,0.337806596534682,0.000611700142167278,0.0422815195975551
"4",-8.58783629438038,0.0472753644616928,0.000000765543621900605,0.340183163121849,0.000556363334648192,0.0411009009392474,-9.00664452102279,0.0508230549945533,0.000000818537806999601,0.337738093921554,0.000540759797144962,0.0478237420795775,-8.52934251456815,0.0454852492538001,0.000000956016785024744,0.334516170112754,0.000546303549728781,0.0420455803310808,-8.51273801112109,0.0468218773970109,0.000000805746935938271,0.342930820343369,0.00057493903420621,0.0388146375150488
"5",-8.57782147357466,0.0476291863177719,0.000000565023660777442,0.337745409658084,0.000556071121712011,0.0419504257785274,-9.09707390608218,0.0537105760193497,0.000000554857775287501,0.335297350346214,0.000560631729035417,0.0490276957644813,-8.62424054465535,0.0476624953364696,0.000000462255072633833,0.338301906516935,0.000512114931640345,0.0435458730677256,-8.60380995952697,0.0458428991839934,0.000000663680491275064,0.344848821264789,0.000576155165468526,0.0414127759928525
"6",-8.51357109734045,0.046149895855593,0.00000052439140794918,0.343154360886203,0.000589780970427053,0.0406953591933099,-8.97733484142475,0.0516613712415498,0.000000530808460321081,0.342005768357416,0.00058848238984733,0.046413588534963,-8.48763052940326,0.0461211977431219,0.00000051612645644786,0.344148141245269,0.000536666782071992,0.039861106487845,-8.48784338760138,0.0446221847791962,0.000000510736139934598,0.3478305150761,0.000634465511241453,0.0400605185190135
"7",-8.45940226898038,0.0459219034963982,0.0000006188218305449,0.333576008516947,0.000556519412799145,0.0416858286547141,-9.01912440004154,0.053107892877958,0.000000780758500774373,0.334097613458181,0.000530811274194305,0.0471570003946796,-8.50940651388338,0.0466617935001513,0.000000871019611163479,0.335368121277755,0.000499116755548335,0.0406822079451406,-8.60748448231076,0.0482955642340263,0.000000688847598105383,0.337816796034639,0.000476267944578946,0.0416518320857491
"8",-8.53996159179541,0.0471549802405569,0.000000413744113219806,0.340929625464707,0.000571940905769738,0.0414357336840908,-8.9498523317701,0.0514979566048636,0.000000302713610063629,0.340396518075022,0.000545828440384361,0.0475545114458976,-8.45059447038852,0.0451581039089638,0.000000418460870462383,0.338852136411195,0.000518640602329122,0.0417945998658724,-8.47190681139007,0.0466451540278616,0.000000185563168062682,0.337827109069561,0.000589027032140291,0.0418157429443463
"9",-8.63291012502614,0.0469648616040083,0.000000609893632250705,0.344599717222522,0.000571785401909666,0.0419859025749592,-9.12381716188437,0.0537878127095354,0.000000574216808173353,0.33505443484905,0.00057798809172615,0.0493065175271617,-8.83512926489661,0.0490885211302741,0.000000770010210437505,0.340661002049119,0.000544115812416145,0.0449456376502841,-8.47366049640218,0.0459629666663478,0.000000421822051427147,0.335636781106037,0.000644656753021221,0.0417175677300514
"10",-8.514191045188,0.0473035582217548,0.000000541856860714209,0.337131165950364,0.000566053329988525,0.0410930170329466,-9.12830554470976,0.0545466609148845,0.000000366749365725983,0.343492306005521,0.000576907488322186,0.0477838109213805,-8.66855728258794,0.0487444634904539,0.00000052407484942034,0.343450438785387,0.000555642779064672,0.042008305356862,-8.52025382648683,0.046956458037663,0.000000693739873315384,0.335520355124867,0.000540610661746212,0.0412871528187882
"11",-8.62055802344612,0.0474231838506092,0.000000534823641621519,0.342012220304018,0.000574511136267434,0.0421610983270726,-9.27982271029556,0.0555131450073615,0.000000645468510646123,0.344949919303068,0.000609662409690092,0.0486031966482256,-8.77098062071576,0.0496832379797667,0.000000546426625226657,0.342922865131716,0.000593861296693163,0.0432836425674524,-8.74669954684883,0.0482977023952215,0.000000718628414560202,0.339296253968739,0.000628367931463158,0.0435393665742562
"12",-8.4808005731458,0.0463877166014302,0.000000661600075389206,0.339838022485585,0.000574687807236294,0.0398515219164402,-8.89342110072521,0.0491791444849171,0.000000786480456142648,0.339085230404841,0.000571074385904447,0.0462179887829388,-8.38571877549953,0.0439185214102431,0.000000683868251814533,0.339892625582222,0.000613604380898124,0.039523411628497,-8.37237946740377,0.0473889485748325,0.00000036046158429122,0.341930844572249,0.000607500784592104,0.0366833048316554
"13",-8.5384053151184,0.0464614662844346,0.000000573449680807035,0.343240860498494,0.000562226475669017,0.040693219754359,-9.05970525181016,0.0515354627958787,0.000000656850754373556,0.345483748506289,0.000528812785888751,0.0472102724821308,-8.64833749969705,0.0464072995515606,0.000000721675416582208,0.348631426379739,0.000489988565720061,0.0415605924755406,-8.66335563400214,0.0489504448495541,0.00000050397599583333,0.344152810542975,0.000529822498326225,0.040913843786686
"14",-8.50944544223901,0.047641736110975,0.000000604198404572117,0.338572158686036,0.000581710541679232,0.0399352059587397,-8.91044386592944,0.0516246206298393,0.000000465557040227685,0.328226792497966,0.000570265758485145,0.0485861563342694,-8.39605568007283,0.0458150417902913,0.000000504952593595879,0.326684128904052,0.000583454056629857,0.0423030520254471,-8.68265027566125,0.0486835155268891,0.000000676598677745199,0.356165088059023,0.000617349623897121,0.037768673713253
"15",-8.60101078518094,0.0473141446050634,0.000000601529952865333,0.342185276839427,0.000575915816031869,0.0413535442992357,-8.95582558269309,0.0525235436187763,0.000000438711238121584,0.334250269453643,0.000593388123553351,0.0471443451379976,-8.51633160594214,0.048073966653776,0.000000408632960029383,0.331077868570708,0.000570354852492008,0.042086917680038,-8.67245831937817,0.0465732525312337,0.000000538492629906661,0.351264468237239,0.000572033262702769,0.041338169927696
"16",-8.58548319161056,0.0475161528272727,0.000000610067650288243,0.338479260589357,0.000559683247887779,0.0418694616721709,-9.07186101358413,0.0547993126172373,0.000000393828420277947,0.336189837503731,0.000568770404073581,0.0478057131720066,-8.5565500033708,0.0485675506244707,0.000000488652298798593,0.337261222577094,0.000554424307593456,0.0410436526491977,-8.65774467642138,0.0483508348655624,0.000000658744226022589,0.338262714158092,0.000584417054273206,0.0421734624539748
"17",-8.47461535536103,0.0468397022119724,0.000000626026312767736,0.336156488850284,0.000557477723185991,0.0404700603378931,-8.91747496457053,0.0520428549219052,0.000000625998073944325,0.338459424740739,0.00057370044755704,0.0451943913352807,-8.40864556010579,0.0456896910211144,0.000000673711522462863,0.339594351873256,0.000584232170781725,0.0389225708383097,-8.6046963810184,0.0471914034466933,0.000000615422641862171,0.340029833265599,0.000589236613360211,0.0413896728368572
"18",-8.46823763273129,0.0468346116811503,0.00000057150676997834,0.338849470512081,0.000563034264049941,0.039844470230528,-8.79532479869702,0.0526038809986377,0.000000437715386840026,0.327198489220033,0.000556983019109681,0.0454327710279257,-8.41865253060338,0.0480708868952904,0.0000004145325944207,0.329275403686801,0.000548194577450209,0.0406780974919631,-8.43179743350935,0.0470524996707764,0.000000530396338971023,0.336001990406633,0.000633356273889832,0.0390975990435554
"19",-8.56851360916714,0.0469539350927344,0.000000568401659214616,0.343137972789881,0.000559558539237031,0.0409526923212392,-8.9145593681675,0.0521300741295226,0.000000350990376813719,0.339604555303938,0.00058938558607853,0.0457269939970098,-8.45447733601358,0.0463338058092982,0.000000391405933173737,0.339999431960439,0.000583842481069374,0.0403294671594862,-8.56018358006487,0.04651628111433,0.000000328756122844409,0.346956752627947,0.000558527678247536,0.0411237769626382
"20",-8.57433692893998,0.0474956001665876,0.000000552804561283719,0.33965393782397,0.000593015138722836,0.0414340953386785,-9.26885868000358,0.0562823721240151,0.000000627204802412079,0.349694617041762,0.000654134809570856,0.0467441151502847,-8.66742215219737,0.0485499468056311,0.0000006048141392198,0.34695601766382,0.000639023995126009,0.0405798381576291,-8.75832988417611,0.0484637379442698,0.000000699778058629313,0.349214190362551,0.000592326277954887,0.0411254588809569
"21",-8.560136763113,0.0477202254631624,0.000000592268222545012,0.340060116475808,0.000564995566521467,0.0406997685842008,-9.07283185702563,0.0534728019506203,0.000000509047150363754,0.347018257059788,0.000586862592452186,0.0458687885437015,-8.61694178111768,0.0475308522980654,0.000000601429452589331,0.351401705127104,0.000568270787548954,0.0393784927545159,-8.53261804091346,0.048290847499334,0.000000464967109386821,0.346978883454656,0.000598551350657465,0.0377142294310996
"22",-8.49934148976345,0.0471914152697105,0.000000619055487281476,0.338979482665827,0.000591311447597859,0.0400708747419336,-8.98648111358447,0.0545858017329773,0.000000563813376650433,0.335560523865498,0.000566654003889217,0.0455193169827052,-8.47296005722796,0.0484726068197109,0.000000681650880485452,0.336798440244218,0.000564667904285596,0.0385608018735731,-8.55684259689106,0.0470727175371019,0.0000007301358693012,0.336823670164259,0.000602821083623581,0.0413234218951609
"23",-8.58699190610415,0.0472674067433422,0.000000653404374014889,0.339958945520809,0.000590033580606064,0.0416393614608115,-9.12522495574106,0.0530958054839217,0.000000531615228131191,0.339893575664214,0.000597809634879833,0.0491215629348914,-8.58573384289857,0.0458213478049549,0.000000577221638405686,0.340088706438292,0.000593425661830303,0.0431680556300132,-8.76813897067246,0.0472079605123345,0.000000704919601243883,0.346417817257679,0.000583962946431673,0.0436800725417335
"24",-8.66787718279682,0.0487287435734977,0.000000576640751618294,0.341645130217973,0.000554701647785904,0.042000909340924,-9.27057266549652,0.0556690239861324,0.000000483142512490771,0.348955124476347,0.000513422356218093,0.0482418991881273,-8.93453158888764,0.0510966326570605,0.000000559521862338426,0.353584548868047,0.000479448020069567,0.0435660445593107,-8.76220764215993,0.0477182465146549,0.000000666846233928793,0.345611904178686,0.000565331055199527,0.043477021414437
"25",-8.64876695777994,0.0475521037950703,0.000000552356996530219,0.340972814587972,0.000538337990619502,0.0431002399324848,-9.07950878108704,0.0529502845340543,0.000000398281512904837,0.334981784167141,0.000578415943716385,0.0499155694759726,-8.59365140117572,0.0466138497308236,0.000000454015953191277,0.337158120346779,0.000572996735514571,0.0440066640308322,-8.58687820479581,0.0485770503571533,0.000000366221329768037,0.337585564561296,0.000562696585855274,0.041802140418083
"26",-8.55315802727423,0.046328843213622,0.000000598004911639074,0.34131646136637,0.000581695696434078,0.0414557858637423,-8.89663057596034,0.0518908092100604,0.000000336929695214969,0.339025789761757,0.000647965672668136,0.0458373214470509,-8.49936483995084,0.0463600829745958,0.000000451502910853489,0.342172520728464,0.000615554137468382,0.0405842915739435,-8.58731926855987,0.044661603940098,0.000000797367633829346,0.339494701008563,0.00058633912731598,0.0430830822070681
"27",-8.57993281231308,0.0470340982931952,0.000000621635270278731,0.340860246396983,0.000555804615901983,0.0415510128610234,-9.01903967241011,0.0522389175716009,0.000000657760620534907,0.345867576499028,0.000589965341557905,0.045438778025915,-8.54136279976874,0.0453790396801851,0.000000728579700776122,0.349681108387983,0.000550470109107696,0.0396487656455377,-8.43950274573837,0.0471271818979966,0.000000431440463768578,0.333416912852854,0.000533255910742536,0.0406538870640772
"28",-8.56923301023614,0.0467103776654361,0.000000600816468325459,0.337926187876383,0.000552334237042413,0.0425056436517698,-9.18626566899495,0.0528855079744453,0.000000475364304925787,0.340999243084442,0.000520349355940636,0.0509932937616883,-8.64283582343899,0.0464542844508679,0.00000054372424240304,0.339716954218137,0.00047630607482845,0.0444773208365339,-8.55514102917796,0.0465163205389209,0.000000589468691374586,0.340193138757046,0.000579737944132816,0.0414627472529208
"29",-8.63783759324725,0.0477713166555366,0.00000064019919171699,0.339383020567061,0.00060083181361674,0.0423828255410829,-9.07282779795623,0.0554540014437613,0.000000547145618409251,0.334584829689326,0.000609943025852909,0.0466655610737323,-8.6491514344533,0.0489410066308812,0.000000645540781742324,0.334827030273477,0.000625719931715657,0.0424414493370476,-8.7874910648636,0.0491480857448744,0.000000617662891051092,0.345549896437836,0.000628004701872103,0.0421594815952061
"30",-8.63960058027814,0.0477615664974035,0.000000701327492371955,0.342691152486328,0.00055797705936489,0.0414224828485071,-9.06765611807115,0.0528519362500768,0.000000580918189833274,0.346346264241072,0.000581137841338124,0.0459501373787356,-8.70489527819694,0.047728811830794,0.000000700857925068719,0.348844412601155,0.00061313097974054,0.0414165430588058,-8.60589706956103,0.0447609319155105,0.000000758833613735204,0.350308599020835,0.000545362693503135,0.040806904813548
"31",-8.53118105847907,0.0475668314971821,0.00000055802377435323,0.338180804924648,0.000570684358269682,0.0408899934400836,-8.85143348624652,0.0518394459457655,0.000000361947519498546,0.333818828927072,0.000585033445083131,0.0458828626484005,-8.34366907577878,0.0452318486215969,0.000000437181284322448,0.330750939108744,0.000570110069596058,0.0407927628565281,-8.67176137733616,0.0490811920910767,0.000000710036156969999,0.336596994792602,0.000604759374548806,0.0420412464387333
"32",-8.56824314048323,0.0473054079943781,0.000000609321731242128,0.338378757889888,0.00056273660082129,0.041563969317416,-8.98464643756203,0.0523941383178944,0.000000492326883501582,0.332591535425694,0.000544267566340824,0.0481943382928506,-8.59990030277304,0.0469909330463692,0.00000047023335754289,0.336544356735611,0.000544337757462172,0.0435919355533147,-8.70154309024922,0.0459377835960061,0.000000609714304402136,0.347325880390213,0.000592726030205258,0.0436435701488958
"33",-8.49555073258639,0.0466746158564559,0.00000064408510713037,0.338586887818908,0.000581565450367683,0.0404408611000543,-8.8446684963847,0.0506654900933309,0.000000601728927841792,0.3324411264571,0.000509616706543327,0.0464621817515102,-8.36903336700651,0.0449641846266133,0.000000606627787193846,0.33778295942453,0.000541291990635394,0.0395040540769671,-8.54752904854148,0.0488361650066889,0.00000071855263677242,0.333787112013817,0.000608805905961327,0.04020615812981
"34",-8.53557937939756,0.0467095156711552,0.00000070530557800291,0.338835498887359,0.000552326836918566,0.0410823805973641,-8.94850434706877,0.0531101286301365,0.000000664119255502971,0.331678824081776,0.000610866448714024,0.046381072631336,-8.41472242756302,0.0471484971495551,0.000000680237436882963,0.330432276304297,0.000630931778718202,0.0397223302550289,-8.44134314699837,0.0449933917656482,0.000000922316547624684,0.332239102389432,0.000581082396959076,0.0410166752589619
"35",-8.58734198998048,0.0466932722766758,0.000000574049662998526,0.345536448942631,0.000578424497220866,0.0410470343893992,-9.02302299766119,0.0524068606625772,0.000000555730654476567,0.341060042356552,0.000546806819238495,0.0470678568924586,-8.51398428875524,0.0459497869890318,0.000000512960937570138,0.341797340104704,0.000562375575168879,0.0412892667320287,-8.50917703369776,0.0464456210522117,0.000000799511395336669,0.336992499613968,0.000566049704098826,0.0401264211689122
"36",-8.59418251263258,0.0474318820802788,0.000000667018650766572,0.336624968152018,0.000606577290457667,0.042155994449509,-9.1673795446081,0.0550962736731296,0.000000541574402814598,0.332112417366808,0.000629167653086388,0.0497539508206852,-8.78953732344428,0.0489185199573427,0.000000680410166828517,0.336057455695513,0.000607928808416325,0.0454537676412118,-8.65828672394997,0.047606172353651,0.000000768311302319458,0.334296881942149,0.000604637975997061,0.0431731084511505
"37",-8.55647689022597,0.0469225893452515,0.000000662541270356868,0.343365677223381,0.000579789857534409,0.0400821741130091,-9.13523570775128,0.0543682141985316,0.000000624729999193707,0.347102879320277,0.000559637873855211,0.0459092000072188,-8.5421751056907,0.0480773180569949,0.00000057434848466855,0.340279346236663,0.000536742715725628,0.0400235645996077,-8.49767175002338,0.0477306295886699,0.000000572776870135219,0.339811581648055,0.000604367035169501,0.0390735894324555
"38",-8.49808774930448,0.0462347431942762,0.000000577030177188958,0.336587515498638,0.00056131147927281,0.0415898627158567,-8.93845960320594,0.0505013388196674,0.000000468305192746802,0.334419868620952,0.000552695018430037,0.0486992802804662,-8.46796564053564,0.0450127837065521,0.000000420496151456292,0.337587928847482,0.00055482517547206,0.042482149721933,-8.47971466301981,0.0456077830369411,0.000000665447669413408,0.338673258789017,0.000572698087572105,0.0404710777908466
"39",-8.60389579158621,0.0463026753697452,0.000000623524985812747,0.340778681250642,0.000547318190137311,0.0428953039255794,-9.03959728562681,0.0524894820142491,0.000000629561502232049,0.338293137017557,0.000532930387543881,0.0477199619575319,-8.52013423349862,0.046278719828979,0.000000707160780648448,0.33736388068465,0.00055373071551551,0.0413571897932486,-8.82252298882491,0.0479609062811571,0.000000834488499062881,0.3463081955304,0.000525804566430273,0.0440150179621116
"40",-8.56796390784468,0.0472360875473822,0.000000585983295493845,0.340128031775978,0.000572354628243703,0.0413956383315168,-9.04802260574099,0.0541204609531991,0.000000551768266521062,0.338047588539217,0.000548875391635775,0.047039199631436,-8.44954486091519,0.0469733267181865,0.000000527759973492957,0.337025983683589,0.000579154594195587,0.0401061998509304,-8.54017172692799,0.0476992638041216,0.000000444099492110866,0.337080577221607,0.000559185230844161,0.0415281163503609
"41",-8.57891132834584,0.0472800944732059,0.000000496846176115579,0.342265722919171,0.000584011687142404,0.0413643521956767,-9.04234428115039,0.0549207620087009,0.000000407933102892077,0.338786128704478,0.000621174012519537,0.04617431026231,-8.54429802910354,0.0474648018797511,0.000000543772794807804,0.341368986324931,0.000596949900787313,0.0403758850643512,-8.60120016232929,0.0468848487589117,0.000000541308886508916,0.346929421451741,0.00058406492448492,0.040611301672711
"42",-8.61461441584353,0.0472144445898212,0.000000648609841437232,0.340159006301678,0.000554326618933131,0.0423116686237212,-8.94653807318278,0.0535370312032198,0.000000459278087304806,0.335272977460835,0.000526251480029702,0.045942372053879,-8.48693481816322,0.047422514135359,0.000000572402514004369,0.329570680066638,0.000517301541356096,0.0420362484286921,-8.68233686009331,0.0482765946868467,0.000000585203163245093,0.340301933531821,0.000549960727017787,0.0424414564167656
"43",-8.51714745155295,0.0475714400913536,0.00000059605996118319,0.334181505793745,0.000546123724064663,0.0415343629582657,-9.02108454574349,0.0531010871720208,0.000000561085028129905,0.329017430248789,0.00058871385936912,0.0493671035826417,-8.52680586968387,0.0482121340269484,0.00000059924718596763,0.32867993817701,0.000546795359442204,0.0424860545184052,-8.54963915122796,0.0478786855282788,0.000000557944300557178,0.333412422876125,0.00059812192542853,0.0419605011795237
"44",-8.48694579103286,0.046565766828859,0.000000708204835006017,0.336887786149848,0.000553376399127669,0.040521029472605,-9.01928846097878,0.0523423378529272,0.000000704867598062859,0.335376795907001,0.000537356856274757,0.0478607364647697,-8.54950101064025,0.0470861471818599,0.000000736195091037976,0.33362868158909,0.000526082951618583,0.0422477362974022,-8.43250986220854,0.0446639657072777,0.00000099771428225055,0.342903344352986,0.000536473721693422,0.038423999212398
"45",-8.55615373318705,0.0468347052968772,0.000000647039243931844,0.341560732832532,0.000549176156638648,0.0408472691584169,-8.94696472197342,0.051815257337697,0.000000522519022828557,0.342728327795253,0.000577265526881301,0.0452968574708077,-8.49828363143473,0.0465551809499607,0.000000510259938138115,0.34454673761903,0.000581063672579966,0.03954549733418,-8.74296052538261,0.0464585891171374,0.00000100820177756934,0.350985040256366,0.000581388207194741,0.0416756480056477
"46",-8.57760197462248,0.0471942090373487,0.000000616001158530801,0.340870494015203,0.00058585476432833,0.0413205109442966,-9.11672221317511,0.0543524765116985,0.000000590055278321226,0.340039121502566,0.000626260485883329,0.0474157899256033,-8.59513725043862,0.0482756672352928,0.00000072465447457896,0.340832658994382,0.000653922698063744,0.040192931360192,-8.69191170767109,0.0490324652964104,0.000000786066547139965,0.334104786918333,0.00056662263294152,0.0426244705804707
"47",-8.58256741667008,0.04727967000317,0.000000568966511934194,0.340888505774375,0.000582415479242372,0.04148456777516,-9.06387575267856,0.0544836434547146,0.000000396512063688134,0.338746132199656,0.000607739262427672,0.0471202295057653,-8.51193136368472,0.0474639958964659,0.000000423876961692768,0.334541808163544,0.000582247682902331,0.0418178352923131,-8.52242188654068,0.0491767594147073,0.000000594726802118586,0.331927003223607,0.000548448794236926,0.0401442298549031
"48",-8.52590012711428,0.0469727051742855,0.00000054157932829926,0.337907375642156,0.000556477804224469,0.0416138540289695,-8.94456916246583,0.0519086087126479,0.000000351938539537224,0.333974466259172,0.000595474079347126,0.0483658284595017,-8.48650247852936,0.0464473208045046,0.00000051117875058062,0.334932402557708,0.000585566714024395,0.041997700820307,-8.39471399464134,0.0469716114784588,0.000000374265285102259,0.334518469932863,0.000521667025878837,0.0399994680797536
"49",-8.54641086231634,0.0471508685993683,0.000000525247602975933,0.341163836282158,0.00057716351132916,0.040985659324196,-8.90184224385705,0.0520694302121335,0.000000546530721474922,0.335138536872569,0.00056474604209245,0.0459959172652253,-8.44574096702325,0.0470275631192108,0.000000547250255400166,0.338089434131305,0.000554582589724512,0.0394419681887256,-8.66441084953479,0.0457589679375327,0.000000590592078111112,0.35322132601234,0.000563587048773086,0.0414702694189046
"50",-8.59159138512201,0.0475101813275544,0.000000613852400210329,0.339088544918501,0.000568713136992715,0.0419245544700211,-9.06864644352145,0.0529857000703778,0.000000482615035499908,0.332795643500945,0.000553147788042731,0.0499360502447347,-8.62438630612044,0.0474202022205467,0.000000465449008636226,0.338143270720801,0.000552142409736536,0.0436686958032622,-8.56280368059122,0.047441190889852,0.000000542826203096072,0.338757482119683,0.00054990267122069,0.0411115901068207
"51",-8.5207865075502,0.0463697789884088,0.000000542244334985528,0.344537044950732,0.000585087771999647,0.0402465169923089,-9.05080608323389,0.0519005553434459,0.000000660354736448336,0.349050340200599,0.000564718016817931,0.0457671922934572,-8.47774522376785,0.0450944150948756,0.000000608443399805932,0.349800390710372,0.000574623445274849,0.0388192612130272,-8.42860469189122,0.0444497789855728,0.000000497798599102788,0.343325294967118,0.000616074469709166,0.0403104700022148
"52",-8.54374997224487,0.0471087932596383,0.000000545362380552295,0.339292363595138,0.000561411623632235,0.0413312825781396,-8.98359673763222,0.0517023343888829,0.000000671711951098849,0.33821129752861,0.000548371410823956,0.046636050290346,-8.5528693106013,0.0465068043302604,0.000000635501560668083,0.338023647770827,0.000542434251559564,0.0418257948973197,-8.5147682836787,0.0470239103950472,0.000000444308386086838,0.334654424469706,0.000531738047546167,0.0417047210927247
"53",-8.57523894672618,0.0475252990517189,0.000000618198294474531,0.341871496458653,0.00056647434174756,0.0406799124706472,-9.05716502378898,0.0538560796233234,0.000000290476607496325,0.34256266142195,0.000603144523642713,0.0471570208801659,-8.62085039428982,0.0481097459123331,0.000000398426582453047,0.341661919026602,0.000610475283511809,0.0422241005703939,-8.92412857961586,0.0486033917618362,0.000000783647746388791,0.352756338223736,0.000598495619680666,0.0434292885663394
"54",-8.58493824483045,0.04640446083821,0.000000739269287503675,0.339471802394026,0.000565706132732457,0.0420519253868144,-9.19444415909017,0.0532108906337596,0.000000844504841938793,0.327316399803681,0.000571461274780359,0.0522552233651479,-8.75166524674815,0.0479885518125946,0.000000808414118542238,0.335351299501816,0.000583522559515489,0.0450046243419569,-8.61358140887771,0.0466457259876108,0.000000850370718541203,0.332018404891765,0.000587269843867232,0.0434607344547047
"55",-8.63140848709933,0.0474742088296135,0.000000581070462552933,0.344727410630613,0.000591110336170494,0.0416087673598615,-9.03416921481706,0.0541541660421439,0.000000501584626475603,0.340957854728258,0.000582414721351765,0.0460737360505119,-8.49133835261615,0.0480266852114142,0.000000615584869108588,0.336065578207899,0.000592017507973703,0.0398463797031613,-8.71038988753728,0.0477550974186902,0.000000772999337895181,0.342906070791411,0.000572562338529545,0.0423355762755727
"56",-8.53307305231758,0.0464531301072447,0.000000567306877284236,0.343678601322773,0.000593110093435019,0.0404009175421739,-8.98457704565494,0.0524778926084834,0.000000943394332669779,0.336325663317987,0.000556077202476215,0.045204360977626,-8.53416506808172,0.0478992460857759,0.000000824832455737601,0.339814247480334,0.000571274750903891,0.0388436544587713,-8.52715301380453,0.0462897923371476,0.000000760103910937389,0.352673550479586,0.000596649636649048,0.037386592037805
"57",-8.57664046308386,0.0469420499183031,0.000000516843555790234,0.341694446806542,0.000585659925302361,0.0417959915781608,-9.09288742533235,0.0525808529498752,0.000000527773394562462,0.343294910510032,0.0006172848621051,0.047921722485666,-8.71456871874415,0.0471179855064959,0.000000652236932900008,0.348274071067238,0.000609660497841715,0.0425304432150833,-8.45657348207953,0.0457588364087286,0.000000402448740504283,0.343690711812607,0.00062617332324559,0.0402271447093768
"58",-8.58375539136254,0.0471698006781015,0.000000528715158420003,0.341992092265142,0.000558578825027923,0.0416097653124105,-9.11628750046854,0.0532844366165898,0.000000541158920868538,0.346476319396688,0.000554350665714081,0.0471789143736086,-8.71349622991906,0.0483484756274222,0.000000695009215283043,0.349754601122307,0.00056225047584476,0.0410687300423741,-8.38950222559336,0.0457761236401719,0.000000383825765959243,0.326965679592453,0.000561841658999457,0.0423535162585285
"59",-8.51751500757408,0.0467753891956503,0.000000652508771937237,0.340409191039756,0.00054419603845654,0.0404322105028635,-8.94226024095759,0.0518347780742593,0.000000602184591789794,0.333619238000959,0.000572894521692357,0.0472651903346155,-8.47692876737664,0.0454556229046696,0.000000651969987805077,0.334323363417183,0.000552349905222347,0.0421954923248424,-8.53912944611705,0.0459702777625216,0.000000709231647520973,0.339722945058574,0.000526823231241376,0.0412582013491381
"60",-8.475484404959,0.0469345614377804,0.000000538444979825804,0.338034968637608,0.000536104311764795,0.0405017494736736,-9.01656197155984,0.0544142967884661,0.000000439021167552255,0.340395673215437,0.000505868867545819,0.0458321037035419,-8.60132626110206,0.0481468427877159,0.000000577439361767544,0.343059501983444,0.00051919149112021,0.0408003555685485,-8.46979904718365,0.0463889230413859,0.00000037747361179714,0.335367234171654,0.000562046274354133,0.0419715439153136
"61",-8.54999298432729,0.0461454808023165,0.000000640356922219991,0.34045490927496,0.000558406791358618,0.0415586039991318,-9.15259473546653,0.0540230532430164,0.00000055462753754882,0.340837150376995,0.000567330491322516,0.0483439574137825,-8.58450734972239,0.0469308316237686,0.000000603060936006485,0.338854366423817,0.000588338571817257,0.042032052227282,-8.50352716453555,0.045313119452518,0.000000599439928529658,0.341814442164287,0.000602477733969279,0.0409904585265648
"62",-8.53095887015146,0.0465198652932398,0.000000640318013151231,0.34282264855417,0.000540672073233621,0.0403704490023003,-8.89945720567876,0.0523178015668566,0.000000647765643495409,0.332405653646635,0.00050257231503059,0.0460226127255745,-8.42252812172486,0.0461670071068509,0.000000626998435227617,0.339086636286863,0.000509594093272377,0.0391174621831461,-8.59337632330922,0.0460931846816474,0.000000653328811139241,0.349399308985922,0.000475120852621085,0.0402078232579779
"63",-8.52030288608179,0.0466088400118385,0.000000569098577948909,0.339519186396415,0.000570920683691577,0.0410861809751851,-8.86895035657407,0.0507060548705309,0.000000511891051977403,0.330092768248039,0.000602921199334405,0.0477424729443503,-8.50809135880505,0.0454541405543966,0.000000565088217142594,0.339237277211432,0.000572070675374027,0.0420069932611037,-8.42277140662465,0.046826692980908,0.000000339434265651425,0.33883151646641,0.000596791656406139,0.0397449942230469
"64",-8.60986139724475,0.0478871603428068,0.000000632422875186073,0.339807529998698,0.000554798805411605,0.041669042358642,-9.08744650181517,0.0533312599291883,0.000000683239520045604,0.340185204275036,0.000550070765516071,0.0472206802171175,-8.64323472442379,0.0477277982121947,0.000000683097200976325,0.341945171177133,0.000526329419396333,0.0418605334805945,-8.51450928303324,0.046191591785494,0.000000720473946052175,0.3324015809409,0.000517835932607087,0.0425256901253204
"65",-8.52254080160911,0.047054282803668,0.000000459073253373931,0.339866507793465,0.000586369406156915,0.0411282165475242,-8.8649850248565,0.0520868533317362,0.000000492749748590534,0.336630261924518,0.000580634815457817,0.0448896021140421,-8.427604456951,0.0463475210997349,0.000000617732044157273,0.336997107117338,0.00061879390805317,0.0395066261484757,-8.52580748964217,0.0484536168373708,0.000000363700584853923,0.341304502091551,0.000637894070769299,0.0392688249552301
"66",-8.54288678532246,0.0470207690263018,0.000000554751921284111,0.340986035626569,0.000552196366391251,0.0409409277090956,-9.08712794599644,0.0531902226504397,0.00000057258247988773,0.34396261408788,0.00054367827339834,0.0470085718304166,-8.61112490812448,0.0467766062397022,0.000000528703069976478,0.344685632010259,0.000530616442423285,0.0420841019618171,-8.6374547771687,0.0457785022324214,0.000000822175907905841,0.346205163940234,0.000598778395783115,0.0412893750073235
"67",-8.48494555758647,0.0469317498016927,0.000000596511377789183,0.335099032085912,0.000544118061327582,0.0410524612409046,-9.08785568173448,0.0540285799546963,0.000000734044244358351,0.331988542029813,0.000573083838125425,0.048491882440716,-8.69691310975757,0.0487392374049853,0.000000779073283723057,0.33570809166266,0.000564108252138369,0.043463863399494,-8.47813815219468,0.0454290892288768,0.000000877616229350034,0.33756223383788,0.000583411851922046,0.0402107400392106
"68",-8.49882021502728,0.0471874197960818,0.000000589976558952966,0.337924188592098,0.000567173445490338,0.0404598933203898,-9.01584665150994,0.05220460990506,0.000000463975602715556,0.346836026489263,0.000554780038960989,0.0461451763811219,-8.54129958535653,0.0461232309446146,0.000000613304066994999,0.341558400814731,0.000529715553010474,0.0415751837795925,-8.56661014016419,0.0478466933047555,0.000000558423045576092,0.340538461261074,0.000554016574486782,0.0405522673220102
"69",-8.57221642962488,0.0474683035369977,0.000000544646344842677,0.343288478725627,0.000547967528821625,0.040689526811494,-8.97892278006148,0.0524357391205388,0.000000535623476071855,0.343194386824713,0.000540759525773807,0.0453585147355681,-8.61132226011493,0.0472749604818401,0.000000581645615021777,0.347302144792317,0.000526814107670218,0.0405737601234072,-8.5220886920683,0.0455585366810162,0.00000038428416258925,0.347632553304542,0.000566116157292542,0.0412536311299182
"70",-8.58349435135269,0.0471919304017996,0.000000592512587757037,0.34430376284096,0.000538517327745643,0.0408079358050035,-8.88086326429265,0.0518181847622658,0.000000796843315835614,0.333613186255789,0.000574897156411723,0.0447100873624693,-8.49793939278854,0.0462593629481708,0.000000742534464253552,0.342324734690866,0.000595680866627612,0.0393127772217504,-8.57207866132529,0.0471223886736179,0.000000695822662574101,0.345340168649698,0.000520439063253176,0.0397481378424569
"71",-8.59157491838785,0.0465424252007813,0.000000652075350630192,0.338894375196802,0.000559605605412669,0.0424729473882756,-9.13319024181795,0.0520092623617833,0.000000535487545883805,0.340723413541907,0.000572907989261039,0.049936917985881,-8.74912281284356,0.046545570761724,0.000000635262394556587,0.340074881788445,0.000559286504164666,0.045854069843175,-8.67369352215679,0.0464868532036829,0.000000306899974638834,0.34159965257044,0.000562719315528434,0.0448600922139778
"72",-8.51332043590992,0.0462379802160066,0.000000619232095325751,0.340615292816793,0.000570570690622153,0.0407655330248633,-9.12808253816339,0.0531121781392998,0.000000630227279879654,0.33742847444103,0.000625237331923369,0.0491818730699781,-8.54848050611334,0.0462574734670561,0.000000688737371945929,0.331297064994843,0.000626663872408809,0.0433719557960607,-8.55233999921037,0.0457203556687217,0.000000834557642381662,0.339641023175908,0.000580678555292882,0.0418326997605535
"73",-8.52761085312305,0.0466773856063242,0.000000541564646820713,0.337067773420491,0.000563417784822538,0.0419973199448843,-8.97816600456134,0.0529294029091362,0.000000459063455100923,0.333770183511861,0.000566504589585083,0.0475370752760277,-8.51974815155743,0.046698074894719,0.000000672088754498004,0.333946050604058,0.000558779371907064,0.0419120523327208,-8.37462276836292,0.0459752243306368,0.000000432070727414328,0.33148081979806,0.000589215891135512,0.0401878096422909
"74",-8.55365172577341,0.0468850660834965,0.000000650430237184477,0.33831420292844,0.000585304826171181,0.0416761435893935,-9.17176761660642,0.0531795338213026,0.000000746364931862187,0.342842959910614,0.000589269519350523,0.0487275137547144,-8.63428311649074,0.0471154638571113,0.000000713058268867343,0.340000657700277,0.000606368384866409,0.0427389547903764,-8.48609621078335,0.0488275831333844,0.000000493310879968738,0.334505918647409,0.000611923874932945,0.0396876829800887
"75",-8.4477837423011,0.0463054296616475,0.000000531823790959869,0.336980966560134,0.000561633055219697,0.0405682939157824,-9.06292475147335,0.0529286985615213,0.000000465612790299105,0.340084511687808,0.000602087568000777,0.0482033895075512,-8.48106066728554,0.0470831625841117,0.000000608368601100087,0.337683623254709,0.000642078152096561,0.0399774180095669,-8.55765737980263,0.047418954539081,0.000000564408658460887,0.333018720841785,0.000563997729584987,0.0422164576388145
"76",-8.5484443635111,0.0473679133879901,0.000000663917370366337,0.334186185628178,0.000568801917531941,0.0419297404817455,-8.95472776888328,0.0505256340241804,0.000000514294189547081,0.331921018473061,0.000585588931499111,0.0493428562898679,-8.40246081999173,0.0450850901739732,0.000000591007580236083,0.331391863060855,0.000551192131901023,0.0415367638673049,-8.41936599867356,0.0468011314716029,0.000000625440008273462,0.32491936872956,0.000600259163485172,0.0413832455749056
"77",-8.48060484220398,0.0470594610599258,0.000000586125402305114,0.334406066459449,0.000579119040179419,0.0408595386135001,-8.8904205445771,0.0526209916888432,0.000000417199403073629,0.325002292803257,0.000584379569536444,0.0480376220371029,-8.58947300339862,0.0480007639551426,0.000000618321254801063,0.331851293490022,0.000589376657814018,0.042998174383807,-8.54446653076171,0.0465720470595217,0.000000625252814795695,0.342414520341767,0.000624800237609196,0.0403398965247422
"78",-8.67380771992865,0.0481855993091491,0.000000542480795609357,0.345517498039096,0.000563955622180912,0.0415951573545601,-9.24541325496126,0.0539976056210723,0.000000624021851713133,0.349380657696459,0.00058093957099772,0.0480793678505359,-8.82413393613479,0.0481813371741044,0.000000655359325509145,0.353441106559796,0.000563127778081939,0.0428193696198655,-8.67316169102665,0.0479173398303657,0.000000402663676052322,0.346943770941007,0.000551970703035317,0.0416947903248851
"79",-8.58907920662083,0.0477605220825117,0.000000688026526670424,0.339181120025822,0.000537063210434146,0.0412395327278964,-8.91427014444085,0.0525986327334336,0.000000570304357645209,0.337492607615416,0.000520089567291435,0.0450207334709583,-8.58504750418246,0.0472168266219545,0.000000761867156155977,0.344695436219597,0.000527639458456744,0.0399252780293115,-8.58565849984158,0.0479411541399258,0.00000054175465427972,0.339655561353482,0.000531687026318185,0.0411085259857233
"80",-8.58495828883214,0.0467627212785254,0.000000573005347419503,0.342897128637132,0.000572832724054403,0.0416587049373145,-9.0505328214857,0.0538430771486453,0.000000468310720529326,0.340469924218815,0.000597728675177551,0.046772416393788,-8.51544443989865,0.0475816026809314,0.00000052784827580133,0.337071813863368,0.000606858079684119,0.0408435589453373,-8.64156240313041,0.0469990429900207,0.000000463854322503294,0.346886246053033,0.000654960075299195,0.0419183538168314
"81",-8.54563322443495,0.0476267237105019,0.000000616574902432647,0.338440511027335,0.00058962946530829,0.0407781415431234,-9.04797836278,0.0534024043879185,0.000000378784351841315,0.34711104281778,0.000584006759612803,0.0458678911604914,-8.70540282213652,0.0486278255431864,0.000000519607077809997,0.351632145961257,0.000580336831515311,0.0408034457244949,-8.41425551105281,0.0467445927839377,0.000000656766557496024,0.332324704360617,0.000603855889789245,0.0398933033592416
"82",-8.52958139801931,0.0474252510992915,0.000000692884744322751,0.337389672878858,0.000560655017605322,0.0404996817665365,-9.01488424033893,0.0554989087230714,0.000000504315266860897,0.338443083162098,0.000537058844448128,0.0446944845355476,-8.68737833683982,0.0499727323781827,0.000000485803482623084,0.345263383521138,0.000518537144866309,0.0407810759571586,-8.66696193784297,0.0465667540849657,0.000000921211361958992,0.339922293084332,0.000550545321957313,0.0426941796480507
"83",-8.52830920153236,0.0469754437277278,0.000000686121093148644,0.336344895771282,0.00056767126574121,0.0412828632160954,-9.15477790904348,0.0531685434771831,0.000000753915326605803,0.344589949210092,0.000542613374672506,0.0477379657174562,-8.62398340018998,0.0475491436782613,0.000000727493793723903,0.342352067655542,0.000491053849998838,0.0414601612034178,-8.42978755636658,0.0462607477586244,0.000000435997378222171,0.331603653224913,0.000549102126237918,0.0410882006024416
"84",-8.58116087825647,0.0476375139528293,0.000000538763791884079,0.341383351650409,0.000547359172013577,0.041280687672613,-9.05440773273057,0.0528428851865317,0.000000482313447323205,0.343833954358689,0.00052427372083328,0.0470298382637864,-8.58053770116383,0.0469202495036643,0.0000005096431647747,0.342207124825993,0.000532733568562588,0.0419223879456094,-8.5979173265971,0.0456829096082434,0.000000811338038060284,0.344357682364248,0.000550128898578896,0.0413905359545561
"85",-8.49626228744291,0.0470615128968534,0.000000565542013036453,0.338238460459974,0.000573483015376233,0.0404158271017725,-8.97355137843963,0.054407775965831,0.000000607159819511013,0.343292857441731,0.00061993313598232,0.0431525363805101,-8.51974416331338,0.0479262200603272,0.000000609414815290609,0.344869771672692,0.000584991962001793,0.0382545372245243,-8.42046313905756,0.0456133900545295,0.000000439390047155426,0.336779121989856,0.000591193803947995,0.0409620144241707
"86",-8.6449449912664,0.0476103972031195,0.000000639051063131645,0.343769176283298,0.000550085046280558,0.0416764335468587,-9.1985166555839,0.0544412580444733,0.000000701893503846831,0.340090580717228,0.000570477611952893,0.0488244406050346,-8.66085682194409,0.0474363279515493,0.000000776017886515631,0.341985843546476,0.000555595926317284,0.0421954376135015,-8.68772961505,0.0488133310830451,0.000000775499419165536,0.337197360545899,0.000525996830412115,0.0423699166955916
"87",-8.49691005056721,0.046546148566371,0.000000519665620062513,0.338807451342061,0.000553530794822359,0.0409611345457642,-8.85986757812998,0.0522055677842527,0.000000475499488338208,0.333937408412172,0.000554548200421958,0.0452638221437462,-8.41468203153456,0.0465787494992091,0.000000555803500867796,0.336127237791914,0.000569631779763742,0.0393747627531037,-8.67506348279517,0.0480211242497951,0.000000418347685453809,0.342580794448184,0.000519917021126746,0.0432493810973771
"88",-8.51267495059929,0.0460626951653945,0.000000597220228389254,0.337059164755696,0.000580324620197575,0.0419778389790429,-8.79083854212376,0.0497773651243882,0.000000631008713087473,0.332095383348305,0.000570972126708735,0.0457322546376506,-8.33631596866981,0.0431173750179217,0.000000649054301068729,0.334978794951044,0.000544790829847857,0.0407971562891393,-8.47173088779589,0.0457387683040475,0.000000456415545577247,0.342949445931767,0.000556497222968284,0.0403173347959437
"89",-8.53825959301728,0.0468285457390871,0.000000632292686678142,0.341579061174394,0.000611247521719657,0.0404913333228099,-8.94595837608266,0.0529421709337569,0.000000699644997553921,0.337245879012098,0.00058495888799224,0.0448875021845459,-8.34851557684076,0.0459385750896576,0.000000723116159642068,0.329204460915267,0.000575697731460756,0.039470885058864,-8.43686825498885,0.0460544785062382,0.000000644812341847279,0.338188453771863,0.000608275351242154,0.0395110075622333
"90",-8.58649810230139,0.0470289231984437,0.000000548853985250674,0.342411804519875,0.000555161019342586,0.0416985712114902,-9.11536527822958,0.0545266738466867,0.000000647359364423744,0.336340383083471,0.000538541256603015,0.0478972521723849,-8.58011147151023,0.0476053746250744,0.000000572334090556091,0.343924480350125,0.00053132329458447,0.0406253035051856,-8.63031731276346,0.0470128142936991,0.000000461765019109498,0.346455556745643,0.000560267073066383,0.0410881847356186
"91",-8.54556684642506,0.0469300788367808,0.000000488074370673035,0.345575890777246,0.000578595878454878,0.0403795042616391,-9.03372902949893,0.0528471017330642,0.000000403092479180758,0.347040724148205,0.000595780868885089,0.0459129496129858,-8.56874961348915,0.0473239453942097,0.000000386193986340307,0.346930355273604,0.000557472271653723,0.040536215441412,-8.45471813727273,0.0460234401209918,0.000000405335728821342,0.345723347677582,0.000579130505445948,0.0393987767178276
"92",-8.56034757510734,0.0474505307529202,0.000000436796036514155,0.343224758549673,0.000582884192588346,0.040751880965658,-9.06638354299046,0.0537558806161547,0.000000389361890181693,0.346939543967861,0.000564400069652543,0.0458818890412934,-8.73633756181078,0.0487817425544047,0.000000400094628514646,0.349200274207255,0.000568034248987971,0.0424879842623975,-8.68252943249612,0.0473735453475505,0.000000453991092869359,0.349761712063328,0.000625690715753252,0.0411882108717748
"93",-8.45809826589355,0.0467576921141435,0.000000570877685663308,0.337133428683887,0.000570442916707398,0.0400634659551467,-9.02562710073413,0.0531856716317187,0.000000664445203799841,0.330224534955223,0.00054884549164292,0.0484467623037076,-8.63634083707265,0.0476803917336835,0.00000070779143772844,0.337740828883694,0.000572935888019864,0.0426946540439073,-8.53986678352421,0.0477195937253193,0.000000522152752830998,0.345930104111617,0.000617654348893089,0.0381932486615965
"94",-8.51605736109212,0.0470729958208876,0.000000413711584830314,0.337282532551839,0.000579652814420639,0.0417450061338287,-8.98272766380176,0.0524810304783904,0.000000345352948779341,0.334077067697628,0.000597066159008671,0.0484317755443516,-8.56019732730604,0.0473338491187728,0.000000502103001747767,0.335703359861871,0.000618888784706362,0.0424514309657774,-8.41830813037576,0.0463527783674747,0.000000622030112571183,0.323809168585292,0.000533746080363413,0.0424687312948171
"95",-8.63841660467362,0.0468401088188008,0.00000066577957129141,0.34514039510113,0.000559651615465604,0.0418424514757836,-9.05731640995045,0.0514192533507613,0.000000809956202276856,0.349458068006799,0.000545173981626514,0.0454214713150265,-8.6438075841348,0.0461109683008777,0.000000977828839197951,0.345347036900961,0.000548946392517809,0.0411465388918273,-8.73939894973619,0.0463132783604645,0.000000951942948851363,0.339614627865261,0.000573612013723903,0.0441758885192906
"96",-8.50662153439385,0.0470832381146324,0.000000605576577878578,0.334517169354037,0.000564881708591525,0.0415123290981878,-9.08125028625395,0.054906099090347,0.000000456263205444497,0.33718259673638,0.000585585395043844,0.0474787632109365,-8.53548910311243,0.0473518357874472,0.000000482198869321507,0.337017301377,0.000570034045534066,0.0417881839546654,-8.58639796956835,0.0490632549183255,0.000000791683128892207,0.334386073816824,0.000520074899977005,0.0404991033082765
"97",-8.51220160353385,0.0472800382242632,0.000000674003617050188,0.334884010729784,0.00058267614369415,0.0410496167673415,-9.01706297015673,0.052385501934984,0.000000593789598993674,0.33174827253897,0.000608238373912508,0.0490545158140293,-8.54060501407374,0.0467777645619185,0.000000644103085075109,0.332731959414208,0.000599978374545211,0.0428461096435944,-8.49616500852174,0.047134773457829,0.000000549298078110689,0.33038353999891,0.000570526101926752,0.0421554057515389
"98",-8.49023560860812,0.0463806845734494,0.000000508189923591798,0.34022390075048,0.000565313209780034,0.0407766396497169,-9.14559059060761,0.0524496536066942,0.000000541794044845028,0.33966697786393,0.000651754658737959,0.0503596247545146,-8.64619252615471,0.0463381248486159,0.000000639722092640895,0.34288826939022,0.000619257535086699,0.0432306002140297,-8.53910068689335,0.0459986756434792,0.000000578672173816909,0.344549987293714,0.000586194848480349,0.0407216049634943
"99",-8.58441794679957,0.0469919233485547,0.000000447429875167012,0.34236646002022,0.000569234513929907,0.0418574016447626,-9.21544983513176,0.0546266587503085,0.000000606130768054241,0.34674393594578,0.00056889339754138,0.0477308927052378,-8.63242816356334,0.0470128989308839,0.000000696205184956934,0.345889969701146,0.000518879768181737,0.0413817777376458,-8.62496006421945,0.045595438305039,0.000000679216339472929,0.341036322920958,0.000588315847811675,0.0431370874850203
"100",-8.49649961146032,0.0470091800633928,0.000000664344987204055,0.336697010610078,0.000546719236036579,0.0403774312923656,-8.8825762188314,0.0533232094870005,0.000000584916848014903,0.32595225462467,0.000570071469749675,0.0460682877673255,-8.47292566457062,0.0475356865463459,0.000000621140145248571,0.329265726729938,0.000578647328160623,0.0411108294064055,-8.52518830114871,0.0462098817825217,0.000000585475892746605,0.338419101647114,0.000600415660819813,0.0410875273358655
